"node_id","weight","deg_centrality","r_degree","betweenness","r_betweenness","closeness","r_closeness","eigenvector","r_eigenvector","pagerank","ccf"
0,1.0,0.5555555555555555,0.44444444444444453,0.25437838905614285,0.7456216109438571,0.798986936816849,0.20101306318315104,0.5126495063545513,0.4873504936454487,0.5619156514902323,0.27272727272727276
1,1.0,0.6666666666666665,0.3333333333333335,0.17334775544634629,0.8266522445536537,0.8152451882094307,0.1847548117905693,0.7404184898399853,0.25958151016001474,0.6258078226624445,0.3461538461538462
2,1.0,0.44444444444444436,0.5555555555555556,0.169881627968893,0.8301183720311069,0.7718332022029898,0.2281667977970102,0.42532319812885777,0.5746768018711422,0.43571480690199854,0.08333333333333333
3,1.0,0.8333333333333331,0.16666666666666685,0.28645302298223335,0.7135469770177667,0.8886651996816332,0.11133480031836684,0.7959669740718557,0.20403302592814432,0.790316899080711,0.17500000000000002
4,1.0,0.6666666666666665,0.3333333333333335,0.4042549570712298,0.5957450429287702,0.8270534020059637,0.17294659799403633,0.6644146394069763,0.3355853605930237,0.6998237333149592,0.3846153846153846
5,1.0,0.7777777777777777,0.22222222222222232,0.5248762391866625,0.4751237608133375,0.9225042947127314,0.07749570528726857,0.7361166524882699,0.26388334751173015,0.774031048303145,0.08571428571428572
6,1.0,0.44444444444444436,0.5555555555555556,0.24343664382301147,0.7565633561769886,0.810567759831775,0.18943224016822502,0.4570798933297645,0.5429201066702355,0.44274199424870786,0.16666666666666666
7,1.0,0.3888888888888888,0.6111111111111112,0.1572783697475486,0.8427216302524514,0.75204041974349,0.24795958025651,0.4583646888491141,0.5416353111508859,0.4224584133570235,0.21428571428571427
8,1.0,0.3888888888888888,0.6111111111111112,0.06515317742791098,0.9348468225720891,0.7629771324232677,0.2370228675767323,0.4565784985710207,0.5434215014289794,0.36823808712013173,0.5357142857142858
9,1.0,0.3888888888888888,0.6111111111111112,0.061871492856738264,0.9381285071432617,0.7477066195787933,0.25229338042120675,0.45537866436414554,0.5446213356358545,0.3648243068720068,0.21428571428571427
10,1.0,0.7777777777777777,0.22222222222222232,0.4341348424037208,0.5658651575962792,0.8294349183368774,0.17056508166312256,0.612149423649781,0.387850576350219,0.8295613616703246,0.17142857142857143
11,1.0,0.6666666666666665,0.3333333333333335,0.16988020805564608,0.8301197919443539,0.8487302676733014,0.1512697323266986,0.7467446453872449,0.25325535461275506,0.6277666562943485,0.11538461538461539
12,1.0,0.3333333333333333,0.6666666666666667,0.056525894930819796,0.9434741050691802,0.7348429822687459,0.2651570177312541,0.39097140441341754,0.6090285955865824,0.3078126173746572,0.14285714285714285
13,1.0,0.611111111111111,0.38888888888888895,0.16922346695094095,0.8307765330490591,0.8438654925400375,0.1561345074599625,0.6695375409627577,0.33046245903724225,0.5735298874181749,0.40909090909090906
14,1.0,0.6666666666666665,0.3333333333333335,0.2699356438153746,0.7300643561846254,0.8861150070126229,0.11388499298737709,0.7221818690378934,0.2778181309621066,0.6377882046626223,0.3846153846153846
15,1.0,0.27777777777777773,0.7222222222222223,0.08322309641485,0.91677690358515,0.6853699946167543,0.3146300053832457,0.31436470877395833,0.6856352912260417,0.27905500307282666,0.6000000000000001
16,1.0,0.6666666666666665,0.3333333333333335,0.17588118498735822,0.8241188150126417,0.8487302676733014,0.1512697323266986,0.7497358726624364,0.25026412733756365,0.6177235392314141,0.3461538461538462
17,1.0,1.0,0.0,0.7219588790675737,0.2780411209324263,0.9604327063639021,0.0395672936360979,0.8727911354205401,0.1272088645794599,1.0,0.22807017543859648
18,1.0,0.611111111111111,0.38888888888888895,0.12482808063322566,0.8751719193667743,0.8342180481829319,0.16578195181706812,0.7445855597771043,0.2554144402228957,0.5643642295614252,0.40909090909090906
19,1.0,0.6666666666666665,0.3333333333333335,0.325838435520982,0.674161564479018,0.8059162093427922,0.19408379065720782,0.6046758128284391,0.3953241871715609,0.7242353508322117,0.1923076923076923
20,1.0,0.22222222222222218,0.7777777777777778,0.1186572096419164,0.8813427903580836,0.5879818330033771,0.41201816699662286,0.23084162786809156,0.7691583721319084,0.25586372862628043,0.30000000000000004
21,1.0,0.5555555555555555,0.44444444444444453,0.09455738861326378,0.9054426113867362,0.7651821862348179,0.23481781376518207,0.5662092532256038,0.4337907467743962,0.5184165425787466,0.4909090909090909
22,1.0,0.7222222222222221,0.2777777777777779,0.28018260855634763,0.7198173914436523,0.8129032258064516,0.18709677419354842,0.6791496695683644,0.3208503304316356,0.7267201730877618,0.2967032967032967
23,1.0,0.7777777777777777,0.22222222222222232,0.27577885435475197,0.7242211456452481,0.8585430951175739,0.14145690488242613,0.7616179538496907,0.23838204615030933,0.7474846202620188,0.4
24,1.0,0.6666666666666665,0.3333333333333335,0.20276328971335972,0.7972367102866402,0.776297335203366,0.22370266479663403,0.7177669721958645,0.2822330278041355,0.6368156151524418,0.3461538461538462
25,1.0,0.44444444444444436,0.5555555555555556,0.1290744579341209,0.8709255420658791,0.7348429822687459,0.2651570177312541,0.45135548208031795,0.548644517919682,0.4199763793401727,0.3333333333333333
26,1.0,0.611111111111111,0.38888888888888895,0.20311807984146782,0.7968819201585322,0.8223103261848981,0.17768967381510192,0.6351705539077172,0.36482944609228285,0.6026154981625335,0.31818181818181823
27,1.0,0.611111111111111,0.38888888888888895,0.1920637598653859,0.8079362401346141,0.8152451882094307,0.1847548117905693,0.6135643341848969,0.38643566581510314,0.5842709732118243,0.4545454545454546
28,1.0,0.611111111111111,0.38888888888888895,0.1472568279486971,0.8527431720513029,0.810567759831775,0.18943224016822502,0.591204745517083,0.408795254482917,0.5739288465924333,0.27272727272727276
29,1.0,0.27777777777777773,0.7222222222222223,0.1495665108980674,0.8504334891019326,0.6636994691710904,0.33630053082890965,0.28661918120897684,0.7133808187910231,0.29688316620330146,0.4
30,1.0,0.5555555555555555,0.44444444444444453,0.16450805051658257,0.8354919494834174,0.8129032258064516,0.18709677419354842,0.6369142958606365,0.3630857041393635,0.5189145497486156,0.43636363636363634
31,1.0,0.27777777777777773,0.7222222222222223,0.02359076995943662,0.9764092300405633,0.623960860745396,0.37603913925460397,0.2594046809858614,0.7405953190141386,0.2596790595571802,0.0
32,1.0,0.4999999999999999,0.5000000000000001,0.09214519739674058,0.9078548026032595,0.7242784380305604,0.27572156196943964,0.4503811314744136,0.5496188685255864,0.47273508406701686,0.3333333333333333
33,1.0,0.8333333333333331,0.16666666666666685,1.0,0.0,1.0,0.0,0.8115165538268826,0.1884834461731174,0.8673674859944361,0.17500000000000002
34,1.0,0.611111111111111,0.38888888888888895,0.22382702335033317,0.7761729766496668,0.7966898877401607,0.2033101122598393,0.5780574904429583,0.4219425095570417,0.5928024891896841,0.18181818181818182
35,1.0,0.7777777777777777,0.22222222222222232,0.412813960144554,0.587186039855446,0.8560794044665013,0.14392059553349867,0.698054125686634,0.30194587431336595,0.8169127255880299,0.2571428571428572
36,1.0,0.7222222222222221,0.2777777777777779,0.14181277413607973,0.8581872258639203,0.8560794044665013,0.14392059553349867,0.8454514029264133,0.1545485970735867,0.6581609928200558,0.3626373626373627
37,1.0,0.3333333333333333,0.6666666666666667,0.03444419929353908,0.965555800706461,0.6813844946511917,0.31861550534880834,0.4016958253917644,0.5983041746082356,0.314446258518892,0.5714285714285714
38,1.0,0.8888888888888888,0.11111111111111116,0.483796631314311,0.5162033686856891,0.9828351583308672,0.01716484166913279,1.0,0.0,0.83764618269624,0.24264705882352944
39,1.0,0.611111111111111,0.38888888888888895,0.12774685540708985,0.8722531445929101,0.8414434117003828,0.15855658829961716,0.6248507895969468,0.37514921040305316,0.564395256616482,0.2272727272727273
40,1.0,0.44444444444444436,0.5555555555555556,0.08513264659775452,0.9148673534022455,0.7898365002209456,0.21016349977905435,0.518609032318809,0.48139096768119105,0.4108130097008254,0.25
41,1.0,0.611111111111111,0.38888888888888895,0.10883943574176975,0.8911605642582302,0.810567759831775,0.18943224016822502,0.6448104360865028,0.3551895639134972,0.5693526726232052,0.40909090909090906
42,1.0,0.6666666666666665,0.3333333333333335,0.2525855162165122,0.7474144837834877,0.88357219550908,0.11642780449092005,0.7686632569158989,0.23133674308410113,0.6679169145512457,0.3846153846153846
43,1.0,0.611111111111111,0.38888888888888895,0.2525475747580373,0.7474524252419628,0.810567759831775,0.18943224016822502,0.6516139586577948,0.3483860413422052,0.6361712163816596,0.36363636363636365
44,1.0,0.611111111111111,0.38888888888888895,0.2494118812175269,0.7505881187824731,0.8963603874729615,0.10363961252703846,0.7597832122227525,0.24021678777724753,0.5904000854477821,0.4545454545454546
45,1.0,0.4999999999999999,0.5000000000000001,0.3613359056161244,0.6386640943838756,0.8199487110271293,0.1800512889728707,0.44692207494251174,0.5530779250574882,0.5438241264883371,0.2
46,1.0,0.4999999999999999,0.5000000000000001,0.06736735354823369,0.9326326464517664,0.776297335203366,0.22370266479663403,0.6164049428983547,0.3835950571016453,0.45444349198682127,0.3333333333333333
47,1.0,0.44444444444444436,0.5555555555555556,0.06564085827903358,0.9343591417209665,0.7585848074921956,0.2414151925078044,0.5081790399679404,0.49182096003205955,0.4131142281965367,0.5
48,1.0,0.3888888888888888,0.6111111111111112,0.06660757750302883,0.9333924224969712,0.6559681482083367,0.3440318517916633,0.33394374625651546,0.6660562537434845,0.3716296282553714,0.21428571428571427
49,1.0,0.4999999999999999,0.5000000000000001,0.08889106771555916,0.9111089322844408,0.783039211371738,0.21696078862826196,0.5776830549770939,0.42231694502290607,0.46800016501797387,0.6000000000000001
50,1.0,0.611111111111111,0.38888888888888895,0.3404706632416599,0.6595293367583401,0.8012903225806451,0.19870967741935486,0.4801632725382175,0.5198367274617826,0.6780154369567943,0.09090909090909091
51,1.0,0.8888888888888888,0.11111111111111116,0.5833200842790017,0.4166799157209983,0.8937878574447107,0.10621214255528932,0.7202442397845031,0.27975576021549686,0.9445913664319704,0.22058823529411767
52,1.0,0.6666666666666665,0.3333333333333335,0.20647852260295424,0.7935214773970458,0.8810367331717323,0.11896326682826774,0.8022322799885849,0.19776772001141507,0.6170388005098721,0.3076923076923077
53,1.0,0.6666666666666665,0.3333333333333335,0.27800953074267076,0.7219904692573292,0.8414434117003828,0.15855658829961716,0.6580462036763826,0.34195379632361744,0.6818250387082166,0.3076923076923077
54,1.0,0.8333333333333331,0.16666666666666685,0.36417122500674753,0.6358287749932525,0.875987728920703,0.12401227107929702,0.8444285910365108,0.1555714089634892,0.8347622496727112,0.30000000000000004
55,1.0,0.44444444444444436,0.5555555555555556,0.15189462803601367,0.8481053719639864,0.7433959022378763,0.2566040977621237,0.3512703208920485,0.6487296791079515,0.44801185930893433,0.16666666666666666
56,1.0,0.44444444444444436,0.5555555555555556,0.19644112070436992,0.8035588792956301,0.774062240119053,0.225937759880947,0.44672955539125303,0.553270444608747,0.48052236691202865,0.5
57,1.0,0.44444444444444436,0.5555555555555556,0.05302052426798964,0.9469794757320104,0.7477066195787933,0.25229338042120675,0.5879138644577332,0.4120861355422668,0.4103677324835884,0.5833333333333334
58,1.0,0.3333333333333333,0.6666666666666667,0.09041817885161098,0.909581821148389,0.75204041974349,0.24795958025651,0.3950433720968296,0.6049566279031704,0.32597746918973586,0.2857142857142857
59,1.0,0.7222222222222221,0.2777777777777779,0.2636394217334363,0.7363605782665636,0.870967741935484,0.12903225806451601,0.8307439268776831,0.16925607312231694,0.7145531978299942,0.23076923076923078
60,1.0,0.8888888888888888,0.11111111111111116,0.36638573966770044,0.6336142603322996,0.9331797235023043,0.06682027649769573,0.9246053448445226,0.07539465515547739,0.8385367071165196,0.22058823529411767
61,1.0,0.8888888888888888,0.11111111111111116,0.46408835735287063,0.5359116426471293,0.9331797235023043,0.06682027649769573,0.8429866773206341,0.15701332267936585,0.8586254924481892,0.24264705882352944
62,1.0,0.44444444444444436,0.5555555555555556,0.11741436073723607,0.8825856392627639,0.7433959022378763,0.2566040977621237,0.4275728359621507,0.5724271640378493,0.43672738899602237,0.3333333333333333
63,1.0,0.7777777777777777,0.22222222222222232,0.2297629018971445,0.7702370981028555,0.870967741935484,0.12903225806451601,0.8191651280508144,0.18083487194918557,0.7319990410923485,0.34285714285714286
64,1.0,0.7222222222222221,0.2777777777777779,0.2909090490327127,0.7090909509672874,0.8861150070126229,0.11388499298737709,0.833429581202996,0.16657041879700396,0.7282428907710232,0.23076923076923078
65,1.0,0.611111111111111,0.38888888888888895,0.2886051005607696,0.7113948994392304,0.8610138248847926,0.1389861751152074,0.646514138307835,0.353485861692165,0.6041978136919672,0.31818181818181823
66,1.0,0.3333333333333333,0.6666666666666667,0.028595157408921903,0.9714048425910781,0.6954238559639911,0.30457614403600886,0.4274084067831297,0.5725915932168704,0.2989016456579168,0.8571428571428571
67,1.0,0.4999999999999999,0.5000000000000001,0.10433085347068352,0.8956691465293165,0.7852987837123215,0.21470121628767846,0.5440331005738251,0.45596689942617485,0.47597358647130206,0.2666666666666667
68,1.0,0.611111111111111,0.38888888888888895,0.13672789312110212,0.8632721068788979,0.870967741935484,0.12903225806451601,0.696472792077254,0.303527207922746,0.5682185858980645,0.36363636363636365
69,1.0,0.6666666666666665,0.3333333333333335,0.33317794288228214,0.6668220571177179,0.9093363649282366,0.09066363507176345,0.6268732941318599,0.3731267058681401,0.646437756170129,0.15384615384615385
70,1.0,0.22222222222222218,0.7777777777777778,0.026426024501930392,0.9735739754980696,0.5536939464008187,0.4463060535991813,0.11963499979560324,0.8803650002043968,0.23291399322566528,0.30000000000000004
71,1.0,0.27777777777777773,0.7222222222222223,0.278660530446916,0.7213394695530839,0.722182188122589,0.27781781187741095,0.18577692955971048,0.8142230704402895,0.3753530284107702,0.2
72,1.0,0.16666666666666663,0.8333333333333334,0.02099328293204236,0.9790067170679576,0.4897360703812317,0.5102639296187683,0.08351516132982477,0.9164848386701753,0.18966616711435522,0.5
73,1.0,0.44444444444444436,0.5555555555555556,0.12048796030871106,0.879512039691289,0.6873704287254333,0.3126295712745667,0.28814463244369176,0.7118553675563082,0.45894755156859934,0.4166666666666667
74,1.0,0.4999999999999999,0.5000000000000001,0.20928789691484834,0.7907121030851516,0.7327188940092166,0.26728110599078336,0.3639630105661024,0.6360369894338975,0.5454793592804814,0.2
75,1.0,0.3888888888888888,0.6111111111111112,0.08093051340437316,0.9190694865956268,0.6464128547781501,0.35358714522184986,0.2005271653889547,0.7994728346110453,0.40210118462139904,0.21428571428571427
76,1.0,0.3888888888888888,0.6111111111111112,0.08689830953034816,0.9131016904696518,0.6715094804235409,0.32849051957645914,0.26134378693139776,0.7386562130686023,0.40320849976155243,0.21428571428571427
77,1.0,0.27777777777777773,0.7222222222222223,0.0758394187569909,0.9241605812430091,0.7159263637899004,0.2840736362100996,0.2732678559924819,0.7267321440075181,0.26605827415830086,0.2
78,1.0,0.44444444444444436,0.5555555555555556,0.1411316721558906,0.8588683278441094,0.722182188122589,0.27781781187741095,0.33925715957767455,0.6607428404223255,0.4447808601965708,0.25
79,1.0,0.3333333333333333,0.6666666666666667,0.09254656380267161,0.9074534361973284,0.6388542963885431,0.3611457036114569,0.19985890367676024,0.8001410963232398,0.352302078466293,0.14285714285714285
80,1.0,0.3333333333333333,0.6666666666666667,0.202591428492216,0.797408571507784,0.722182188122589,0.27781781187741095,0.15780213717177735,0.8421978628282226,0.39069402954589943,0.0
81,1.0,0.22222222222222218,0.7777777777777778,0.07341347874301413,0.9265865212569859,0.6276566051277963,0.3723433948722037,0.14712256273534316,0.8528774372646568,0.23718866300545588,0.0
82,1.0,0.4999999999999999,0.5000000000000001,0.15411867811616325,0.8458813218838368,0.7477066195787933,0.25229338042120675,0.2950971836030402,0.7049028163969597,0.500882606362888,0.2666666666666667
83,1.0,0.4999999999999999,0.5000000000000001,0.13790107078993868,0.8620989292100614,0.7966898877401607,0.2033101122598393,0.4322790662131508,0.5677209337868492,0.4836359676780964,0.13333333333333336
84,1.0,0.44444444444444436,0.5555555555555556,0.2716979616304196,0.7283020383695804,0.7097194768053162,0.2902805231946838,0.26337809815125535,0.7366219018487447,0.5374326085522643,0.16666666666666666
85,1.0,0.8333333333333331,0.16666666666666685,0.4580922769968711,0.5419077230031288,0.8937878574447107,0.10621214255528932,0.6772871910683336,0.32271280893166643,0.8721669449223356,0.15000000000000002
86,1.0,0.16666666666666663,0.8333333333333334,0.016938620166450997,0.983061379833549,0.5706340378197999,0.42936596218020007,0.17254657742408122,0.8274534225759188,0.16272056279715993,0.0
87,1.0,0.3333333333333333,0.6666666666666667,0.21638370664596654,0.7836162933540335,0.5757949033797829,0.4242050966202171,0.1285810949080484,0.8714189050919516,0.45352657521370343,0.0
88,1.0,0.44444444444444436,0.5555555555555556,0.08277373865077867,0.9172262613492214,0.6754443712969059,0.32455562870309407,0.2945914894690711,0.7054085105309289,0.4390477851743143,0.25
89,1.0,0.5555555555555555,0.44444444444444453,0.27060975845542745,0.7293902415445725,0.794399149237859,0.20560085076214096,0.3378361060612741,0.6621638939387259,0.5858527963248374,0.21818181818181817
90,1.0,0.611111111111111,0.38888888888888895,0.2618337586750278,0.7381662413249722,0.7629771324232677,0.2370228675767323,0.37515438047240424,0.6248456195275958,0.6218938425819022,0.09090909090909091
91,1.0,0.611111111111111,0.38888888888888895,0.7964214241235356,0.20357857587646444,0.870967741935484,0.12903225806451601,0.46234967700051793,0.537650322999482,0.6851595357514311,0.045454545454545456
92,1.0,0.3333333333333333,0.6666666666666667,0.07573162276975066,0.9242683772302493,0.7284875308536898,0.2715124691463102,0.2969641395204671,0.7030358604795329,0.32464206085775127,0.5714285714285714
93,1.0,0.3888888888888888,0.6111111111111112,0.1770567680877758,0.8229432319122242,0.6873704287254333,0.3126295712745667,0.1791946335763083,0.8208053664236917,0.42754801149508853,0.32142857142857145
94,1.0,0.22222222222222218,0.7777777777777778,0.14289355923722424,0.8571064407627758,0.5503535907423515,0.44964640925764854,0.11571504369490855,0.8842849563050914,0.3070254079058227,0.6000000000000001
95,1.0,0.22222222222222218,0.7777777777777778,0.02027990145175298,0.979720098548247,0.5503535907423515,0.44964640925764854,0.12840607593488723,0.8715939240651127,0.22374401207233238,0.0
96,1.0,0.6666666666666665,0.3333333333333335,0.32065907736929794,0.6793409226307021,0.8511730205278593,0.14882697947214074,0.5716613613245274,0.4283386386754726,0.6966115027128017,0.15384615384615385
97,1.0,0.3888888888888888,0.6111111111111112,0.1822468834888077,0.8177531165111923,0.6426241391808626,0.3573758608191374,0.1957281235363384,0.8042718764636616,0.4586662879588934,0.21428571428571427
98,1.0,0.44444444444444436,0.5555555555555556,0.11664527290585366,0.8833547270941463,0.7056084567305676,0.2943915432694324,0.30898663836997625,0.6910133616300238,0.4426216265830695,0.08333333333333333
99,1.0,0.27777777777777773,0.7222222222222223,0.039227446885880465,0.9607725531141196,0.6148007590132829,0.3851992409867171,0.19352706412116835,0.8064729358788316,0.2905052744191858,0.6000000000000001
100,1.0,0.44444444444444436,0.5555555555555556,0.07827084953650376,0.9217291504634962,0.6407368675086477,0.35926313249135233,0.23996526504889606,0.760034734951104,0.4511742364609373,0.3333333333333333
101,1.0,0.4999999999999999,0.5000000000000001,0.1625331512786834,0.8374668487213166,0.7651821862348179,0.23481781376518207,0.32740533693177437,0.6725946630682256,0.5044181014657158,0.3333333333333333
102,1.0,0.5555555555555555,0.44444444444444453,0.2921892790930418,0.7078107209069582,0.7542160339012367,0.2457839660987633,0.3674249676115089,0.6325750323884911,0.6212105865191353,0.16363636363636364
103,1.0,0.3888888888888888,0.6111111111111112,0.14468736765079196,0.8553126323492081,0.7015187649052342,0.29848123509476576,0.2729938232181196,0.7270061767818804,0.4072890289217844,0.10714285714285714
104,1.0,0.611111111111111,0.38888888888888895,0.2280803819928318,0.7719196180071682,0.7369727047146402,0.26302729528535984,0.3380639967285773,0.6619360032714228,0.6455966379792454,0.2272727272727273
105,1.0,0.6666666666666665,0.3333333333333335,0.2924450815682665,0.7075549184317336,0.7966898877401607,0.2033101122598393,0.3970452937276259,0.6029547062723741,0.6894260324167609,0.2692307692307693
106,1.0,0.22222222222222218,0.7777777777777778,0.02335960200297467,0.9766403979970253,0.6559681482083367,0.3440318517916633,0.2374772220908509,0.7625227779091491,0.21066407867627443,0.0
107,1.0,0.4999999999999999,0.5000000000000001,0.13240548429750804,0.867594515702492,0.7284875308536898,0.2715124691463102,0.29385252379862514,0.7061474762013749,0.49342349103488425,0.2666666666666667
108,1.0,0.44444444444444436,0.5555555555555556,0.2491356144859104,0.7508643855140896,0.6954238559639911,0.30457614403600886,0.18991102038925922,0.8100889796107408,0.5297192795063949,0.25
109,1.0,0.3333333333333333,0.6666666666666667,0.05561246911844803,0.9443875308815519,0.6388542963885431,0.3611457036114569,0.1944756565402176,0.8055243434597824,0.33973252070080545,0.2857142857142857
110,1.0,0.27777777777777773,0.7222222222222223,0.036619225831224934,0.9633807741687751,0.5915016148488267,0.4084983851511733,0.1768320723433254,0.8231679276566746,0.2874511542819524,0.4
111,1.0,0.4999999999999999,0.5000000000000001,0.09842272587162602,0.901577274128374,0.7433959022378763,0.2566040977621237,0.36673192988130665,0.6332680701186933,0.486125224699207,0.2666666666666667
112,1.0,0.3888888888888888,0.6111111111111112,0.17407651566885038,0.8259234843311496,0.657893666354798,0.34210633364520204,0.25085284099845445,0.7491471590015455,0.44646920639456966,0.21428571428571427
113,1.0,0.1111111111111111,0.8888888888888888,0.0113953595765,0.9886046404235,0.5604219827093728,0.4395780172906272,0.11709757965277791,0.8829024203472221,0.11236484373368338,0.0
114,1.0,0.5555555555555555,0.44444444444444453,0.15876531209898387,0.8412346879010162,0.7966898877401607,0.2033101122598393,0.45527676320699034,0.5447232367930097,0.5493465126589517,0.21818181818181817
115,1.0,0.16666666666666663,0.8333333333333334,0.010862303723705738,0.9891376962762942,0.5387846961740435,0.46121530382595655,0.12585321997619645,0.8741467800238035,0.1789184227685035,1.0
116,1.0,0.4999999999999999,0.5000000000000001,0.15054443136862766,0.8494555686313723,0.7348429822687459,0.2651570177312541,0.26584209724715235,0.7341579027528476,0.5154650476010338,0.13333333333333336
117,1.0,0.7777777777777777,0.22222222222222232,0.42054656177905353,0.5794534382209464,0.935868467862122,0.06413153213787803,0.664999404883925,0.33500059511607505,0.7671389359480613,0.1142857142857143
118,1.0,0.16666666666666663,0.8333333333333334,0.021472572323259186,0.9785274276767408,0.5604219827093728,0.4395780172906272,0.10855839651056633,0.8914416034894337,0.17373621113954607,0.0
119,1.0,0.3333333333333333,0.6666666666666667,0.05802045219635094,0.941979547803649,0.7242784380305604,0.27572156196943964,0.3307204201019309,0.6692795798980691,0.3157638523569829,0.0
120,1.0,0.16666666666666663,0.8333333333333334,0.07367998258781691,0.9263200174121831,0.5740705140528278,0.42592948594717217,0.09506310018929662,0.9049368998107034,0.21310026928512488,0.0
121,1.0,0.22222222222222218,0.7777777777777778,0.15024470182728328,0.8497552981727168,0.4554951648196513,0.5445048351803488,0.04889312012371955,0.9511068798762805,0.35777271607906974,0.0
122,1.0,0.27777777777777773,0.7222222222222223,0.06268559649485253,0.9373144035051475,0.5209807044183549,0.47901929558164513,0.1205821652260363,0.8794178347739637,0.3268023283398939,0.4
123,1.0,0.44444444444444436,0.5555555555555556,0.2787643157093397,0.7212356842906603,0.776297335203366,0.22370266479663403,0.23072394197033272,0.7692760580296673,0.5406706344019526,0.0
124,1.0,0.4999999999999999,0.5000000000000001,0.2681842520860558,0.7318157479139442,0.6813844946511917,0.31861550534880834,0.17334087733872092,0.826659122661279,0.6354973749240207,0.4
125,1.0,0.3333333333333333,0.6666666666666667,0.12518975472973476,0.8748102452702653,0.6598240469208211,0.3401759530791789,0.13775455405814685,0.8622454459418532,0.3956963038688353,0.42857142857142855
126,1.0,0.22222222222222218,0.7777777777777778,0.25652803610587643,0.7434719638941236,0.42431761786600497,0.575682382133995,0.04722190831816693,0.952778091681833,0.4432585625310203,0.30000000000000004
127,1.0,0.44444444444444436,0.5555555555555556,0.405768487001634,0.594231512998366,0.7875645381933718,0.2124354618066282,0.29369451033901217,0.7063054896609878,0.5611178243364525,0.08333333333333333
128,1.0,0.5555555555555555,0.44444444444444453,0.5450455600602783,0.45495443993972173,0.8012903225806451,0.19870967741935486,0.3392442444856381,0.6607557555143619,0.6186685793922204,0.3818181818181818
129,1.0,0.16666666666666663,0.8333333333333334,0.029682440678539423,0.9703175593214606,0.5968132468952588,0.40318675310474117,0.12585664286724782,0.8741433571327522,0.1769049848370082,0.5
130,1.0,0.3888888888888888,0.6111111111111112,0.16434157450171463,0.8356584254982854,0.6388542963885431,0.3611457036114569,0.14682359155714378,0.8531764084428562,0.4760030095926678,0.32142857142857145
131,1.0,0.44444444444444436,0.5555555555555556,0.25120898515755,0.7487910148424499,0.6893760119566573,0.3106239880433427,0.22303444384879512,0.7769655561512049,0.534925396188095,0.0
132,1.0,0.16666666666666663,0.8333333333333334,0.12868417949879266,0.8713158205012074,0.4147025621728868,0.5852974378271132,0.03891910956901253,0.9610808904309874,0.28021810365696725,0.5
133,1.0,0.3333333333333333,0.6666666666666667,0.14387495147267051,0.8561250485273295,0.5968132468952588,0.40318675310474117,0.08969881610529107,0.9103011838947089,0.43199103389709353,0.5714285714285714
134,1.0,0.1111111111111111,0.8888888888888888,0.030709128032813972,0.969290871967186,0.5306358381502891,0.46936416184971086,0.07263824829367219,0.9273617517063278,0.1319168019554454,0.0
135,1.0,0.22222222222222218,0.7777777777777778,0.10260812408124659,0.8973918759187534,0.6295113382305972,0.37048866176940276,0.11670575335369274,0.8832942466463073,0.26083656750328676,0.0
136,1.0,0.6666666666666665,0.3333333333333335,0.39408862388890015,0.6059113761110999,0.7673931996512642,0.23260680034873582,0.3032635765112436,0.6967364234887564,0.7759240405606028,0.1923076923076923
137,1.0,0.22222222222222218,0.7777777777777778,0.09109697798130831,0.9089030220186917,0.6148007590132829,0.3851992409867171,0.08534126775595388,0.9146587322440461,0.27372611876050945,0.0
138,1.0,0.22222222222222218,0.7777777777777778,0.1101718615677709,0.8898281384322291,0.5177918190887928,0.4822081809112072,0.06109112552998615,0.9389088744700138,0.30043032186808977,0.0
139,1.0,0.22222222222222218,0.7777777777777778,0.06147914319849189,0.9385208568015081,0.6075531077891424,0.3924468922108576,0.09908199674427004,0.90091800325573,0.24749930174175752,0.30000000000000004
140,1.0,0.4999999999999999,0.5000000000000001,0.2733506621777216,0.7266493378222785,0.6734744195603041,0.32652558043969593,0.17988978073489,0.82011021926511,0.5894692884963808,0.2666666666666667
141,1.0,0.44444444444444436,0.5555555555555556,0.2165192738070719,0.7834807261929281,0.654047474132684,0.34595252586731595,0.12113335378624933,0.8788666462137507,0.532052042938135,0.3333333333333333
142,1.0,0.4999999999999999,0.5000000000000001,0.24197435471245726,0.7580256452875427,0.7242784380305604,0.27572156196943964,0.2540726900979583,0.7459273099020417,0.5561203008642251,0.3333333333333333
143,1.0,0.1111111111111111,0.8888888888888888,0.007615064330927221,0.9923849356690728,0.42987678250034617,0.5701232174996538,0.040843898574445134,0.9591561014255549,0.14602076006277517,0.0
144,1.0,0.055555555555555546,0.9444444444444444,0.001508197421169559,0.9984918025788304,0.3737828707690269,0.6262171292309731,0.028361291439673374,0.9716387085603266,0.07889580319624585,0.0
145,1.0,0.44444444444444436,0.5555555555555556,0.26837814474731186,0.7316218552526881,0.6715094804235409,0.32849051957645914,0.18341035220900478,0.8165896477909952,0.5396869610172356,0.3333333333333333
146,1.0,0.27777777777777773,0.7222222222222223,0.10792987934826158,0.8920701206517384,0.6521316258712919,0.3478683741287081,0.14194994838031927,0.8580500516196807,0.3211154399222823,0.2
147,1.0,0.5555555555555555,0.44444444444444453,0.5775606596682283,0.42243934033177166,0.7696101968658606,0.23038980313413937,0.25997961415517745,0.7400203858448225,0.7269497385961535,0.21818181818181817
148,1.0,0.27777777777777773,0.7222222222222223,0.05142809383505998,0.94857190616494,0.5740705140528278,0.42592948594717217,0.13003401108424037,0.8699659889157596,0.31560457584156354,0.2
149,1.0,0.27777777777777773,0.7222222222222223,0.07363118561232551,0.9263688143876745,0.6502205852592384,0.3497794147407616,0.18233687459256423,0.8176631254074358,0.3027343704087718,0.0
150,1.0,0.27777777777777773,0.7222222222222223,0.06931724606920174,0.9306827539307982,0.6636994691710904,0.33630053082890965,0.15605279193494873,0.8439472080650513,0.30651061025989407,0.0
151,1.0,0.3333333333333333,0.6666666666666667,0.17494070870730632,0.8250592912926937,0.5503535907423515,0.44964640925764854,0.07279674036576349,0.9272032596342366,0.4568607580394466,0.2857142857142857
152,1.0,0.27777777777777773,0.7222222222222223,0.22721948765448108,0.7727805123455189,0.5757949033797829,0.4242050966202171,0.10332855964826486,0.8966714403517352,0.4096904090445039,0.0
153,1.0,0.27777777777777773,0.7222222222222223,0.17982061196136256,0.8201793880386374,0.6184512958706507,0.38154870412934927,0.09489634731588198,0.9051036526841181,0.3379464269104985,0.2
154,1.0,0.16666666666666663,0.8333333333333334,0.04731720544727562,0.9526827945527244,0.542070832393413,0.457929167606587,0.09526781412826898,0.904732185871731,0.1974289360445961,0.5
155,1.0,0.27777777777777773,0.7222222222222223,0.39283578948016457,0.6071642105198354,0.7200914401828803,0.2799085598171197,0.1935109726164008,0.8064890273835992,0.32239802369413506,0.0
156,1.0,0.22222222222222218,0.7777777777777778,0.18594086531914542,0.8140591346808546,0.5225806451612904,0.47741935483870956,0.03835176443064069,0.9616482355693593,0.29867224089227806,0.30000000000000004
157,1.0,0.3333333333333333,0.6666666666666667,0.13221265401374063,0.8677873459862594,0.6521316258712919,0.3478683741287081,0.13093478561364097,0.8690652143863591,0.39414964566355093,0.5714285714285714
158,1.0,0.27777777777777773,0.7222222222222223,0.15684666946555903,0.843153330534441,0.500510874324916,0.49948912567508397,0.07350702968409319,0.9264929703159068,0.4079881594308128,0.4
159,1.0,0.3333333333333333,0.6666666666666667,0.215815955003555,0.784184044996445,0.6695495347788664,0.33045046522113364,0.18873775285173738,0.8112622471482627,0.41817432386150455,0.0
160,1.0,0.16666666666666663,0.8333333333333334,0.07920562234577881,0.9207943776542212,0.3958944281524928,0.6041055718475072,0.026888399479038507,0.9731116005209615,0.2710971384889706,1.0
161,1.0,0.27777777777777773,0.7222222222222223,0.40832053983660754,0.5916794601633925,0.5036208031599736,0.4963791968400264,0.03710699912069245,0.9628930008793075,0.5956528111101055,0.0
162,1.0,0.22222222222222218,0.7777777777777778,0.053522174783081966,0.946477825216918,0.3487375868111896,0.6512624131888104,0.017369207020792848,0.9826307929792072,0.3884366921544208,0.30000000000000004
163,1.0,0.3888888888888888,0.6111111111111112,0.4332536619888513,0.5667463380111487,0.47912924779078964,0.5208707522092104,0.03204713606465138,0.9679528639353486,0.682407012349155,0.32142857142857145
164,1.0,0.1111111111111111,0.8888888888888888,0.09119641235791558,0.9088035876420845,0.5387846961740435,0.46121530382595655,0.11969142354257463,0.8803085764574253,0.14984385472446196,1.0
165,1.0,0.22222222222222218,0.7777777777777778,0.04479822443656998,0.95520177556343,0.34141935483870967,0.6585806451612903,0.01564378029600627,0.9843562197039937,0.3717898920422,0.6000000000000001
166,1.0,0.27777777777777773,0.7222222222222223,0.4437455103045897,0.5562544896954102,0.5757949033797829,0.4242050966202171,0.0824923945231241,0.9175076054768759,0.519425878196947,0.2
167,1.0,0.1111111111111111,0.8888888888888888,0.06846902660629678,0.9315309733937032,0.4686865086437355,0.5313134913562645,0.03439578783670273,0.9656042121632973,0.2085949952041452,0.0
168,1.0,0.16666666666666663,0.8333333333333334,0.027999679653055543,0.9720003203469445,0.24029449158806654,0.7597055084119335,0.005887106009073364,0.9941128939909266,0.30569432097200955,0.5
169,1.0,0.27777777777777773,0.7222222222222223,0.33222918140262486,0.6677708185973752,0.6445161290322582,0.3554838709677418,0.23709431778213047,0.7629056822178695,0.32017241007546493,0.2
170,1.0,0.0,1.0,0.0,1.0,0.20194119326291748,0.7980588067370825,0.003144192520758929,0.9968558074792411,0.051071485175155286,0.0
171,1.0,0.22222222222222218,0.7777777777777778,0.1655479297148482,0.8344520702851518,0.4106253836186318,0.5893746163813682,0.0351335671054212,0.9648664328945789,0.42165680613948897,0.30000000000000004
172,1.0,0.055555555555555546,0.9444444444444444,0.0004924616290393716,0.9995075383709606,0.15909776084632887,0.8409022391536711,0.0027226852223021735,0.9972773147776979,0.1257158090653584,0.0
173,1.0,0.1111111111111111,0.8888888888888888,0.12311540725984292,0.8768845927401571,0.28699510121083277,0.7130048987891673,0.011531732873101556,0.9884682671268984,0.28413262846140475,0.0
174,1.0,0.0,1.0,0.0,1.0,0.14443183660236658,0.8555681633976334,0.002963821025574207,0.9970361789744258,0.04189381735926223,0.0
175,1.0,0.3333333333333333,0.6666666666666667,0.27357716366959484,0.7264228363304052,0.45694802671094925,0.5430519732890507,0.03314579884634206,0.9668542011536579,0.5979512845785029,0.42857142857142855
176,1.0,0.16666666666666663,0.8333333333333334,0.1652990565726253,0.8347009434273747,0.45404547858276045,0.5459545214172395,0.044243732860160215,0.9557562671398397,0.3106408242917584,0.0
177,1.0,0.27777777777777773,0.7222222222222223,0.5149268404146774,0.4850731595853226,0.4927972713088283,0.5072027286911718,0.04543359854339154,0.9545664014566084,0.7320303177639732,0.0
178,1.0,0.22222222222222218,0.7777777777777778,0.2789364877305534,0.7210635122694466,0.41198156682027653,0.5880184331797235,0.014885802344585457,0.9851141976554145,0.5065100275335974,0.0
179,1.0,0.27777777777777773,0.7222222222222223,0.3651912738925338,0.6348087261074662,0.6598240469208211,0.3401759530791789,0.16349460517150113,0.8365053948284988,0.40601225484707987,0.4
180,1.0,0.22222222222222218,0.7777777777777778,0.1649696673717874,0.8350303326282126,0.40254811602060186,0.5974518839793981,0.026335942037695494,0.9736640579623045,0.3771025305051384,0.0
181,1.0,0.0,1.0,0.0,1.0,0.06523851039980068,0.9347614896001993,0.0008066156611932707,0.9991933843388068,0.06481569857020651,0.0
182,1.0,0.3333333333333333,0.6666666666666667,0.2238364891436404,0.7761635108563596,0.4439857252816457,0.5560142747183543,0.021045353412600318,0.9789546465873997,0.5503285219528935,0.5714285714285714
183,1.0,0.16666666666666663,0.8333333333333334,0.0967648821264711,0.903235117873529,0.40792160065332794,0.5920783993466721,0.020054890360676432,0.9799451096393236,0.2629788533795077,0.5
184,1.0,0.27777777777777773,0.7222222222222223,0.15233395074112432,0.8476660492588757,0.4657324750151153,0.5342675249848847,0.045030948104680155,0.9549690518953199,0.46163150585737767,0.6000000000000001
185,1.0,0.055555555555555546,0.9444444444444444,0.02609482368021649,0.9739051763197835,0.3282281994831052,0.6717718005168948,0.022020378669707245,0.9779796213302927,0.10296250043830132,0.0
186,1.0,0.0,1.0,0.0,1.0,0.1953357732572985,0.8046642267427015,0.003905242902050961,0.996094757097949,0.07039163195110065,0.0
187,1.0,0.22222222222222218,0.7777777777777778,0.17232402065651195,0.827675979343488,0.5655098608775417,0.43449013912245826,0.0844328944398643,0.9155671055601357,0.3391602349526542,0.9
188,1.0,0.055555555555555546,0.9444444444444444,0.12213048400176416,0.8778695159982358,0.18881118881118877,0.8111888111888113,0.0027066068841633682,0.9972933931158366,0.22258628466963848,0.0
189,1.0,0.22222222222222218,0.7777777777777778,0.11188779233467343,0.8881122076653266,0.3674256153415269,0.632574384658473,0.01251614538017355,0.9874838546198265,0.40061509394410183,0.30000000000000004
190,1.0,0.055555555555555546,0.9444444444444444,0.008688202753909725,0.9913117972460903,0.4439857252816457,0.5560142747183543,0.07113712205999086,0.9288628779400091,0.08511550425912326,0.0
191,1.0,0.16666666666666663,0.8333333333333334,0.19029930882134172,0.8097006911786583,0.4701684270625179,0.5298315729374821,0.07541667002757053,0.9245833299724294,0.32071735663331935,0.0
192,1.0,0.16666666666666663,0.8333333333333334,0.15862627956670955,0.8413737204332905,0.4897360703812317,0.5102639296187683,0.04768248795778705,0.9523175120422129,0.3122045280679456,0.0
193,1.0,0.16666666666666663,0.8333333333333334,0.16103472826677118,0.8389652717332288,0.3827934749974981,0.6172065250025018,0.027376927569420433,0.9726230724305795,0.3684697303641774,0.0
194,1.0,0.055555555555555546,0.9444444444444444,0.011860117566031536,0.9881398824339684,0.26210431112451,0.73789568887549,0.009479903650729189,0.9905200963492709,0.16179328012793318,0.0
195,1.0,0.16666666666666663,0.8333333333333334,0.07155071155124508,0.928449288448755,0.5689219216918243,0.4310780783081757,0.14436276658704247,0.8556372334129575,0.2259798662390469,0.0
196,1.0,0.1111111111111111,0.8888888888888888,0.06668175391912104,0.933318246080879,0.4411395056556347,0.5588604943443654,0.060719707536586495,0.9392802924634135,0.19818852129516393,0.0
197,1.0,0.055555555555555546,0.9444444444444444,0.0164922333382733,0.9835077666617267,0.45404547858276045,0.5459545214172395,0.0597566879291995,0.9402433120708005,0.08646559849830752,0.0
198,1.0,0.3333333333333333,0.6666666666666667,0.34933080753696455,0.6506691924630355,0.6258064516129033,0.37419354838709673,0.17606484230483432,0.8239351576951657,0.539064570031668,0.0
199,1.0,0.22222222222222218,0.7777777777777778,0.13578196185316846,0.8642180381468315,0.5897396035755926,0.41026039642440737,0.2039965466428786,0.7960034533571214,0.289097660166979,0.6000000000000001
200,1.0,0.0,1.0,0.0,1.0,0.29366923863530725,0.7063307613646927,0.022680541779641163,0.9773194582203588,0.009718660887733124,0.0
201,1.0,0.0,1.0,0.0,1.0,0.3674256153415269,0.632574384658473,0.026596266210665836,0.9734037337893342,0.013807092486916094,0.0
202,1.0,0.0,1.0,0.0,1.0,0.3475117523099368,0.6524882476900632,0.04164710458784285,0.9583528954121572,0.007167514127536429,0.0
203,1.0,0.0,1.0,0.0,1.0,0.30042075736325385,0.6995792426367462,0.017003228735233498,0.9829967712647665,0.014947916702740724,0.0
204,1.0,0.0,1.0,0.0,1.0,0.39062132858917115,0.6093786714108289,0.05570301446359417,0.9442969855364058,0.00312134395294707,0.0
205,1.0,0.0,1.0,0.0,1.0,0.1732933233308327,0.8267066766691673,0.002782139199093172,0.9972178608009068,0.03677797621838983,0.0
206,1.0,0.0,1.0,0.0,1.0,0.1953357732572985,0.8046642267427015,0.0039052429020509636,0.996094757097949,0.07039163195110065,0.0
207,1.0,0.0,1.0,0.0,1.0,0.20004559443747863,0.7999544055625214,0.006471151791046226,0.9935288482089538,0.02448565952056655,0.0
208,1.0,0.0,1.0,0.0,1.0,0.42155581539308057,0.5784441846069195,0.07592799944595646,0.9240720005540435,0.0008311599285617283,0.0
209,1.0,0.0,1.0,0.0,1.0,0.17149751754361625,0.8285024824563838,0.003796489293772289,0.9962035107062277,0.041510570549014775,0.0
210,1.0,0.0,1.0,0.0,1.0,0.3776286502109565,0.6223713497890435,0.055019927157904304,0.9449800728420957,0.004551277694027136,0.0
211,1.0,0.0,1.0,0.0,1.0,0.3573879792136484,0.6426120207863516,0.023514727962773103,0.9764852720372269,0.014849763596552608,0.0
212,1.0,0.0,1.0,0.0,1.0,0.28478735508471975,0.7152126449152802,0.017642147939198726,0.9823578520608013,0.011014600803959327,0.0
213,1.0,0.0,1.0,0.0,1.0,0.4201793259816552,0.5798206740183448,0.07000836367493471,0.9299916363250653,0.0008689183987352677,0.0
214,1.0,0.0,1.0,0.0,1.0,0.0,1.0,0.0,1.0,0.09653474172900063,0.0
215,1.0,0.0,1.0,0.0,1.0,0.40254811602060186,0.5974518839793981,0.05200240948595956,0.9479975905140404,0.002745103009282735,0.0
216,1.0,0.0,1.0,0.0,1.0,0.3487375868111896,0.6512624131888104,0.03333522286890269,0.9666647771310973,0.006679010936060609,0.0
217,1.0,0.0,1.0,0.0,1.0,0.27495578998719433,0.7250442100128056,0.01584492593787446,0.9841550740621255,0.029627446594848564,0.0
218,1.0,0.0,1.0,0.0,1.0,0.3153210024619657,0.6846789975380343,0.017110465274600847,0.9828895347253992,0.01084167436406389,0.0
219,1.0,0.0,1.0,0.0,1.0,0.14698951816039646,0.8530104818396036,0.0033098192403387865,0.9966901807596612,0.03504574241413315,0.0
220,1.0,0.0,1.0,0.0,1.0,0.23020128329085,0.76979871670915,0.01032896018626477,0.9896710398137353,0.022406479659530888,0.0
221,1.0,0.0,1.0,0.0,1.0,0.1814516129032258,0.8185483870967742,0.0066456927336034696,0.9933543072663965,0.04365183367159838,0.0
222,1.0,0.0,1.0,0.0,1.0,0.25369561314261774,0.7463043868573822,0.0183978810108248,0.9816021189891752,0.01935876254392457,0.0
223,1.0,0.0,1.0,0.0,1.0,0.4160673926443394,0.5839326073556605,0.0769333078801307,0.9230666921198694,1.9008382851145055e-05,0.0
224,1.0,0.0,1.0,0.0,1.0,0.38149826712876567,0.6185017328712343,0.06182683045550948,0.9381731695444905,0.0007387092120914481,0.0
225,1.0,0.0,1.0,0.0,1.0,0.172394647715285,0.827605352284715,0.004221442839641247,0.9957785571603588,0.031033522048987443,0.0
226,1.0,0.0,1.0,0.0,1.0,0.3561447041922425,0.6438552958077575,0.027470877932605095,0.972529122067395,0.007930922791624335,0.0
227,1.0,0.0,1.0,0.0,1.0,0.37506216225176536,0.6249378377482346,0.04363949302711294,0.9563605069728871,0.005901371933211396,0.0
228,1.0,0.0,1.0,0.0,1.0,0.15300784655623365,0.8469921534437663,0.004068694242372544,0.9959313057576274,0.045566115945811864,0.0
229,1.0,0.0,1.0,0.0,1.0,0.3306051983759071,0.6693948016240929,0.01673260977292428,0.9832673902270758,0.01986234929275345,0.0
230,1.0,0.0,1.0,0.0,1.0,0.36113296616837137,0.6388670338316287,0.020840762356773814,0.9791592376432262,0.011875968993093646,0.0
231,1.0,0.0,1.0,0.0,1.0,0.4052292020373514,0.5947707979626486,0.06355469591493176,0.9364453040850682,0.002404587908274651,0.0
232,1.0,0.0,1.0,0.0,1.0,0.15300784655623365,0.8469921534437663,0.004068694242372544,0.9959313057576274,0.045566115945811864,0.0
233,1.0,0.0,1.0,0.0,1.0,0.4133406232914162,0.5866593767085838,0.07568253090057084,0.9243174690994291,0.0,0.0
234,1.0,0.0,1.0,0.0,1.0,0.24541080021386558,0.7545891997861345,0.011504916021823476,0.9884950839781765,0.01924069008124615,0.0
235,1.0,0.0,1.0,0.0,1.0,0.24541080021386558,0.7545891997861345,0.007292413267628189,0.9927075867323718,0.040272669679124656,0.0
236,1.0,0.0,1.0,0.0,1.0,0.33658912736152163,0.6634108726384784,0.03301880033004002,0.96698119966996,0.006003435711435741,0.0
237,1.0,0.0,1.0,0.0,1.0,0.20194119326291748,0.7980588067370825,0.0031441925207589183,0.9968558074792411,0.051071485175155286,0.0
238,1.0,0.0,1.0,0.0,1.0,0.1452829678500933,0.8547170321499067,0.0011131772862420478,0.998886822713758,0.05631886499625757,0.0
239,1.0,0.0,1.0,0.0,1.0,0.24541080021386558,0.7545891997861345,0.009196836743305854,0.9908031632566942,0.024726811549183148,0.0
240,1.0,0.0,1.0,0.0,1.0,0.4257029498016215,0.5742970501983785,0.06558287019566625,0.9344171298043338,0.0025130649059221443,0.0
241,1.0,0.0,1.0,0.0,1.0,0.3598821025053219,0.6401178974946782,0.04058365451597444,0.9594163454840255,0.006195299285729828,0.0
242,1.0,0.0,1.0,0.0,1.0,0.12688172043010748,0.8731182795698925,0.002254864922759287,0.9977451350772407,0.05379921308941107,0.0
243,1.0,0.0,1.0,0.0,1.0,0.23020128329085,0.76979871670915,0.006406231416100761,0.9935937685838993,0.019645555138620825,0.0
244,1.0,0.0,1.0,0.0,1.0,0.38020573254768814,0.6197942674523118,0.059310069143501606,0.9406899308564984,0.0029374063091508903,0.0
245,1.0,0.0,1.0,0.0,1.0,0.3235023041474654,0.6764976958525346,0.02382534907107083,0.9761746509289292,0.011570155440629424,0.0
246,1.0,0.0,1.0,0.0,1.0,0.3972195977864759,0.6027804022135241,0.05989797571561498,0.940102024284385,0.0017782957474531404,0.0
247,1.0,0.0,1.0,0.0,1.0,0.4257029498016215,0.5742970501983785,0.061656600100878485,0.9383433998991215,0.002006132817984953,0.0
248,1.0,0.0,1.0,0.0,1.0,0.30725101100347973,0.6927489889965203,0.015595955803627916,0.9844040441963721,0.013654967041137252,0.0
249,1.0,0.0,1.0,0.0,1.0,0.1953357732572985,0.8046642267427015,0.0039052429020509584,0.996094757097949,0.07039163195110065,0.0
