"node_id","weight","deg_centrality","r_degree","betweenness","r_betweenness","closeness","r_closeness","eigenvector","r_eigenvector","pagerank","ccf"
0,1.0,0.5294117647058824,0.47058823529411764,0.20956944373165817,0.7904305562683418,0.8197091685836344,0.1802908314163656,0.5758330565313141,0.4241669434686859,0.5170657323121065,0.4666666666666667
1,1.0,0.8823529411764705,0.11764705882352955,0.5162705091112636,0.4837294908887364,0.8733601354210749,0.12663986457892507,0.7134485540904361,0.28655144590956394,0.8926125113052058,0.17500000000000002
2,1.0,0.6470588235294118,0.3529411764705882,0.2173647978311324,0.7826352021688676,0.8271801006517614,0.1728198993482386,0.6675457866681112,0.33245421333188885,0.589241707874336,0.36363636363636365
3,1.0,0.7058823529411764,0.2941176470588236,0.286751386810911,0.7132486131890889,0.8839490933855452,0.11605090661445483,0.7049551139478161,0.29504488605218393,0.6444303267022199,0.3461538461538462
4,1.0,0.8235294117647058,0.17647058823529416,0.3589894496054033,0.6410105503945966,0.891971614227086,0.10802838577291396,0.7382469291048164,0.2617530708951836,0.790745704611041,0.14285714285714285
5,1.0,0.41176470588235287,0.5882352941176472,0.09265177657912439,0.9073482234208756,0.6930457007705807,0.3069542992294193,0.390463201597532,0.609536798402468,0.37777526220137336,0.10714285714285714
6,1.0,0.41176470588235287,0.5882352941176472,0.3062910504782737,0.6937089495217263,0.7976673427991885,0.2023326572008115,0.38994591193762546,0.6100540880623746,0.442882206435702,0.21428571428571427
7,1.0,0.35294117647058826,0.6470588235294117,0.22698856508844925,0.7730114349115508,0.695187165775401,0.30481283422459904,0.2830756979824349,0.7169243020175651,0.35898773067492795,0.0
8,1.0,0.41176470588235287,0.5882352941176472,0.03651375386816041,0.9634862461318396,0.7667782560178542,0.2332217439821458,0.5172810068558681,0.4827189931441319,0.3482980229794056,0.5357142857142858
9,1.0,0.5882352941176471,0.4117647058823529,0.20955927749965242,0.7904407225003476,0.8221925133689839,0.1778074866310161,0.5282997149029686,0.47170028509703144,0.527182336961585,0.05454545454545454
10,1.0,0.41176470588235287,0.5882352941176472,0.06215212442885338,0.9378478755711466,0.7369585650505207,0.2630414349494793,0.4296084087929931,0.5703915912070069,0.36090537000576345,0.21428571428571427
11,1.0,0.41176470588235287,0.5882352941176472,0.17123694944685183,0.8287630505531481,0.7038089387190908,0.2961910612809092,0.35393700114330784,0.6460629988566922,0.42980563421300383,0.32142857142857145
12,1.0,0.5882352941176471,0.4117647058823529,0.09645463664981027,0.9035453633501898,0.7621224165341812,0.23787758346581878,0.6357016936818477,0.3642983063181523,0.5142991239319877,0.21818181818181817
13,1.0,0.35294117647058826,0.6470588235294117,0.05611723072725642,0.9438827692727436,0.6909097836025601,0.30909021639743994,0.34000972134921686,0.6599902786507832,0.31582595771651956,0.14285714285714285
14,1.0,0.7647058823529411,0.23529411764705888,0.27997337907034586,0.7200266209296542,0.9137110726643597,0.08628892733564031,0.7389843138090585,0.2610156861909415,0.6789542692266763,0.2637362637362638
15,1.0,0.5882352941176471,0.4117647058823529,0.15137601679245477,0.8486239832075453,0.8372396913631461,0.16276030863685387,0.6882231923487405,0.3117768076512595,0.5145221046712067,0.16363636363636364
16,1.0,0.5882352941176471,0.4117647058823529,0.2077755674979426,0.7922244325020574,0.7952519850915574,0.20474801490844263,0.46437220698702464,0.5356277930129754,0.5474712311426971,0.05454545454545454
17,1.0,0.5882352941176471,0.4117647058823529,0.380687658588789,0.6193123414112109,0.8577032810271039,0.14229671897289609,0.4872166999156166,0.5127833000843833,0.5784707882045215,0.16363636363636364
18,1.0,0.7058823529411764,0.2941176470588236,0.1481079125455823,0.8518920874544177,0.8602941176470588,0.13970588235294124,0.6829530285062482,0.31704697149375183,0.6131521609670969,0.23076923076923078
19,1.0,0.6470588235294118,0.3529411764705882,0.1880605922812356,0.8119394077187644,0.8321957474973111,0.16780425250268893,0.6828482475294378,0.31715175247056215,0.5753725219170267,0.36363636363636365
20,1.0,0.7647058823529411,0.23529411764705888,0.27614861440286426,0.7238513855971358,0.8654980616888589,0.1345019383111411,0.7180989963889646,0.28190100361103543,0.6957982968108775,0.3626373626373627
21,1.0,0.4705882352941176,0.5294117647058825,0.26252019864272336,0.7374798013572766,0.7738095238095238,0.22619047619047616,0.44862514683094795,0.5513748531690521,0.4535686563557175,0.25
22,1.0,0.5294117647058824,0.47058823529411764,0.09779449248606145,0.9022055075139386,0.7551856543424907,0.24481434565750926,0.5319774430237353,0.4680225569762647,0.46568922072762065,0.06666666666666668
23,1.0,0.5294117647058824,0.47058823529411764,0.16464272529536214,0.8353572747046378,0.7551856543424907,0.24481434565750926,0.49312654661866956,0.5068734533813304,0.4986117336184098,0.13333333333333336
24,1.0,0.5882352941176471,0.4117647058823529,0.28736326814602375,0.7126367318539762,0.7598039215686274,0.24019607843137258,0.5235093208809141,0.47649067911908594,0.6027483546252702,0.16363636363636364
25,1.0,0.5882352941176471,0.4117647058823529,0.09205861107099841,0.9079413889290016,0.8147632311977714,0.1852367688022286,0.6738847824427995,0.3261152175572005,0.5023098187365512,0.4909090909090909
26,1.0,0.41176470588235287,0.5882352941176472,0.21095311764766553,0.7890468823523344,0.6452807823381241,0.35471921766187586,0.2671110258830394,0.7328889741169606,0.4694430407562377,0.10714285714285714
27,1.0,0.7058823529411764,0.2941176470588236,0.355590450970481,0.644409549029519,0.8197091685836344,0.1802908314163656,0.6895059641025819,0.3104940358974181,0.7307307653817867,0.15384615384615385
28,1.0,0.8235294117647058,0.17647058823529416,0.27569325688613266,0.7243067431138673,0.8839490933855452,0.11605090661445483,0.8437597925428333,0.1562402074571667,0.726849955966163,0.2285714285714286
29,1.0,0.7058823529411764,0.2941176470588236,0.40037486400630384,0.5996251359936962,0.8321957474973111,0.16780425250268893,0.5194618544002344,0.4805381455997656,0.7163407189841259,0.11538461538461539
30,1.0,0.6470588235294118,0.3529411764705882,0.2840343148030253,0.7159656851969747,0.8759959315138159,0.12400406848618406,0.723894604043069,0.27610539595693095,0.57454484048957,0.2272727272727273
31,1.0,0.7058823529411764,0.2941176470588236,0.34949493510654467,0.6505050648934554,0.8602941176470588,0.13970588235294124,0.6421549900759161,0.35784500992408386,0.6455887828652614,0.07692307692307693
32,1.0,0.29411764705882354,0.7058823529411764,0.055911762466171765,0.9440882375338282,0.6887793927402786,0.31122060725972145,0.2594028412538898,0.7405971587461102,0.27088900076138966,0.0
33,1.0,0.7647058823529411,0.23529411764705888,0.16183471102792246,0.8381652889720775,0.8654980616888589,0.1345019383111411,0.8995268664153528,0.10047313358464716,0.658245751008559,0.3626373626373627
34,1.0,0.5294117647058824,0.47058823529411764,0.15531540072747274,0.8446845992725273,0.7880456709432744,0.21195432905672562,0.4922184576901282,0.5077815423098718,0.48137200800994717,0.13333333333333336
35,1.0,0.8235294117647058,0.17647058823529416,0.3319334396957879,0.6680665603042121,0.935968137254902,0.06403186274509798,0.8983857655442306,0.10161423445576945,0.7309489528031364,0.2857142857142857
36,1.0,0.8235294117647058,0.17647058823529416,0.25901961536616624,0.7409803846338338,0.8892896781354052,0.11071032186459484,0.8288131218620866,0.17118687813791345,0.7245087360368979,0.31428571428571433
37,1.0,0.7647058823529411,0.23529411764705888,0.35459902922219305,0.645400970777807,0.8786393345216873,0.1213606654783127,0.7106531210093134,0.28934687899068656,0.7374966830523525,0.23076923076923078
38,1.0,0.7058823529411764,0.2941176470588236,0.5628652975264096,0.43713470247359043,0.8892896781354052,0.11071032186459484,0.5272387096056033,0.47276129039439674,0.7098138093848284,0.11538461538461539
39,1.0,0.5882352941176471,0.4117647058823529,0.11793043172518806,0.882069568274812,0.8525437201907788,0.14745627980922116,0.5936793672118572,0.4063206327881428,0.5135773516502001,0.21818181818181817
40,1.0,0.7647058823529411,0.23529411764705888,0.30823702165062494,0.6917629783493751,0.8786393345216873,0.1213606654783127,0.7530008789295272,0.24699912107047284,0.7188065964253278,0.09890109890109891
41,1.0,0.41176470588235287,0.5882352941176472,0.19956193164665811,0.8004380683533419,0.7235410676820266,0.27645893231797336,0.3637869931846145,0.6362130068153855,0.42503383212166423,0.10714285714285714
42,1.0,0.7058823529411764,0.2941176470588236,0.11351132710400272,0.8864886728959973,0.8197091685836344,0.1802908314163656,0.8548079503421534,0.1451920496578466,0.6057645942060514,0.5384615384615385
43,1.0,0.8235294117647058,0.17647058823529416,0.2799236670207016,0.7200763329792984,0.891971614227086,0.10802838577291396,0.8178143936651425,0.18218560633485748,0.7317078860910557,0.14285714285714285
44,1.0,0.4705882352941176,0.5294117647058825,0.06505710262916646,0.9349428973708336,0.7621224165341812,0.23787758346581878,0.4754752414552596,0.5245247585447403,0.40535267121577356,0.25
45,1.0,0.8823529411764705,0.11764705882352955,0.39939619636942014,0.6006038036305799,0.9027777777777778,0.09722222222222221,0.834847932765057,0.16515206723494302,0.8039097917854482,0.25
46,1.0,0.5294117647058824,0.47058823529411764,0.10495393970599867,0.8950460602940014,0.807395773843518,0.19260422615648198,0.567368209433393,0.43263179056660706,0.4732306330525837,0.3333333333333333
47,1.0,0.4705882352941176,0.5294117647058825,0.25898716506655156,0.7410128349334484,0.7880456709432744,0.21195432905672562,0.41947570607290274,0.5805242939270973,0.44852431983040697,0.25
48,1.0,0.7647058823529411,0.23529411764705888,0.18875186026052782,0.8112481397394722,0.8474134334584897,0.15258656654151026,0.7934066729191556,0.20659332708084444,0.6787209510499137,0.46153846153846156
49,1.0,0.4705882352941176,0.5294117647058825,0.2619500736476544,0.7380499263523457,0.7392156862745098,0.26078431372549016,0.34499624373919763,0.6550037562608024,0.5092996565669665,0.08333333333333333
50,1.0,0.9411764705882354,0.05882352941176461,0.41562405842451544,0.5843759415754846,0.935968137254902,0.06403186274509798,1.0,0.0,0.8514934430525856,0.41911764705882354
51,1.0,0.6470588235294118,0.3529411764705882,0.1873896506863066,0.8126103493136934,0.7976673427991885,0.2023326572008115,0.6470314251215631,0.3529685748784369,0.5878378230353232,0.27272727272727276
52,1.0,0.35294117647058826,0.6470588235294117,0.05120479518347566,0.9487952048165244,0.6493241235888294,0.3506758764111706,0.38950292687456783,0.6104970731254322,0.3192416263274912,0.2857142857142857
53,1.0,0.11764705882352942,0.8823529411764706,0.017047740115808084,0.9829522598841919,0.5121586740931938,0.4878413259068062,0.11147427968944668,0.8885257203105533,0.1184025877250397,0.0
54,1.0,0.5882352941176471,0.4117647058823529,0.18525965644668121,0.8147403435533188,0.7714593989769819,0.2285406010230181,0.5062058970214375,0.4937941029785625,0.5403535571012793,0.16363636363636364
55,1.0,0.2352941176470588,0.7647058823529412,0.017692351724657027,0.982307648275343,0.6234015345268542,0.3765984654731458,0.2699146778978999,0.7300853221021001,0.20722834797435857,0.0
56,1.0,0.5294117647058824,0.47058823529411764,0.27612977147577994,0.72387022852422,0.7059784698193002,0.29402153018069976,0.49840791819436003,0.50159208180564,0.5828376447517062,0.4666666666666667
57,1.0,0.6470588235294118,0.3529411764705882,0.24043950368199488,0.7595604963180052,0.9137110726643597,0.08628892733564031,0.5650081943301062,0.4349918056698938,0.5890115223074534,0.31818181818181823
58,1.0,0.5294117647058824,0.47058823529411764,0.2550546905499125,0.7449453094500875,0.8049535603715169,0.19504643962848311,0.5275863254095151,0.4724136745904849,0.4884603627983624,0.2
59,1.0,0.41176470588235287,0.5882352941176472,0.09643405722145224,0.9035659427785477,0.807395773843518,0.19260422615648198,0.42229940522438586,0.5777005947756142,0.3626556640920108,0.10714285714285714
60,1.0,0.7058823529411764,0.2941176470588236,0.2988928306124307,0.7011071693875692,0.8654980616888589,0.1345019383111411,0.636005849384657,0.363994150615343,0.6426034175364636,0.07692307692307693
61,1.0,0.41176470588235287,0.5882352941176472,0.04754573710978257,0.9524542628902174,0.7038089387190908,0.2961910612809092,0.4603798841264025,0.5396201158735975,0.3550347070867386,0.21428571428571427
62,1.0,0.5882352941176471,0.4117647058823529,0.32183558333332424,0.6781644166666758,0.80984477124183,0.19015522875817004,0.4991225269802193,0.5008774730197807,0.6008860247189892,0.27272727272727276
63,1.0,0.41176470588235287,0.5882352941176472,0.12210030750747423,0.8778996924925258,0.7808984249437478,0.21910157505625216,0.4921310454713744,0.5078689545286257,0.3661189163906803,0.32142857142857145
64,1.0,0.5294117647058824,0.47058823529411764,0.11403181786167975,0.8859681821383203,0.7369585650505207,0.2630414349494793,0.5127922837889269,0.48720771621107306,0.47569099340706616,0.2666666666666667
65,1.0,0.7058823529411764,0.2941176470588236,0.20275663284890957,0.7972433671510905,0.8448591901349775,0.15514080986502254,0.8514260280957909,0.14857397190420907,0.6466358722821903,0.4230769230769231
66,1.0,0.7058823529411764,0.2941176470588236,0.261180138655763,0.7388198613442369,0.855119825708061,0.144880174291939,0.6470817967367166,0.3529182032632834,0.6425564860188773,0.15384615384615385
67,1.0,0.41176470588235287,0.5882352941176472,0.20274391967622182,0.7972560803237781,0.7691156516880837,0.2308843483119163,0.3739706630645989,0.6260293369354011,0.39783016483403755,0.0
68,1.0,0.7647058823529411,0.23529411764705888,0.2039028827448298,0.7960971172551702,0.8577032810271039,0.14229671897289609,0.7875334800390617,0.21246651996093835,0.6770719329692891,0.23076923076923078
69,1.0,0.41176470588235287,0.5882352941176472,0.06267494038301097,0.9373250596169891,0.7302231237322514,0.2697768762677486,0.502659612199921,0.49734038780007905,0.3577735649963418,0.21428571428571427
70,1.0,0.5294117647058824,0.47058823529411764,0.0997033896213496,0.9002966103786504,0.7279898714452666,0.2720101285547334,0.31727073005073775,0.6827292699492622,0.5026119365583542,0.2666666666666667
71,1.0,0.5882352941176471,0.4117647058823529,0.10684947208460192,0.8931505279153981,0.7598039215686274,0.24019607843137258,0.6318682701687639,0.3681317298312361,0.5055953596801134,0.3818181818181818
72,1.0,0.4705882352941176,0.5294117647058825,0.1431258562472678,0.8568741437527322,0.855119825708061,0.144880174291939,0.42613792023944863,0.5738620797605514,0.4218937554659311,0.16666666666666666
73,1.0,0.5882352941176471,0.4117647058823529,0.31193885590474746,0.6880611440952525,0.8759959315138159,0.12400406848618406,0.498835401059488,0.501164598940512,0.5443854820215139,0.10909090909090909
74,1.0,0.4705882352941176,0.5294117647058825,0.1631971436253711,0.8368028563746289,0.7832743220407177,0.21672567795928233,0.31724050366472434,0.6827594963352757,0.4477889763608615,0.16666666666666666
75,1.0,0.8823529411764705,0.11764705882352955,0.4117782423205846,0.5882217576794154,0.9082283939968949,0.09177160600310508,0.5863443574306315,0.4136556425693685,0.8364469963591565,0.25
76,1.0,0.7058823529411764,0.2941176470588236,0.3706674688776146,0.6293325311223854,0.7551856543424907,0.24481434565750926,0.4302110162826596,0.5697889837173404,0.7628768696696763,0.3076923076923077
77,1.0,0.5882352941176471,0.4117647058823529,0.21500666703248988,0.7849933329675101,0.8296844018506278,0.17031559814937225,0.4883249014411041,0.5116750985588959,0.541325995386588,0.27272727272727276
78,1.0,0.7058823529411764,0.2941176470588236,0.29979521568444867,0.7002047843155513,0.8892896781354052,0.11071032186459484,0.6700477806885268,0.3299522193114732,0.6687550133777088,0.15384615384615385
79,1.0,0.4705882352941176,0.5294117647058825,0.23545510291094982,0.7645448970890502,0.8197091685836344,0.1802908314163656,0.3904578568115355,0.6095421431884644,0.4501374330475635,0.3333333333333333
80,1.0,0.5294117647058824,0.47058823529411764,0.13455006970423644,0.8654499302957636,0.8025181026767553,0.19748189732324473,0.4376931407353874,0.5623068592646125,0.47937058287634127,0.2666666666666667
81,1.0,0.1764705882352941,0.8235294117647058,0.03077024702779039,0.9692297529722096,0.6059401647636942,0.39405983523630583,0.15840020420756237,0.8415997957924376,0.1708401700467714,0.0
82,1.0,0.29411764705882354,0.7058823529411764,0.04644755063877623,0.9535524493612237,0.695187165775401,0.30481283422459904,0.2774297573258765,0.7225702426741235,0.27333718380172944,0.8
83,1.0,0.8235294117647058,0.17647058823529416,0.5469456297369912,0.45305437026300877,0.80984477124183,0.19015522875817004,0.3996835111892653,0.6003164888107346,0.9666718472343481,0.1142857142857143
84,1.0,0.6470588235294118,0.3529411764705882,0.17825788013060237,0.8217421198693976,0.7976673427991885,0.2023326572008115,0.4761335410733667,0.5238664589266333,0.6016024752420083,0.36363636363636365
85,1.0,0.5882352941176471,0.4117647058823529,0.2865629530587831,0.7134370469412169,0.7574916759156494,0.24250832408435063,0.3461024873182999,0.6538975126817002,0.6144712021526868,0.16363636363636364
86,1.0,0.7647058823529411,0.23529411764705888,0.19002046309569603,0.8099795369043039,0.8372396913631461,0.16276030863685387,0.7611025116611859,0.23889748833881408,0.6701243353866755,0.2967032967032967
87,1.0,0.29411764705882354,0.7058823529411764,0.027588545234696654,0.9724114547653033,0.65747237981487,0.34252762018513006,0.22502806822728816,0.7749719317727118,0.26790028093437057,0.4
88,1.0,0.5294117647058824,0.47058823529411764,0.13680432836254094,0.863195671637459,0.792843272109394,0.20715672789060602,0.4978208417946125,0.5021791582053875,0.4744425308617234,0.13333333333333336
89,1.0,0.0588235294117647,0.9411764705882353,0.001581902604624511,0.9984180973953755,0.3922868192876302,0.6077131807123698,0.04387195361936472,0.9561280463806353,0.06557851365439231,0.0
90,1.0,0.35294117647058826,0.6470588235294117,0.17897196942827265,0.8210280305717274,0.6803126656067834,0.3196873343932166,0.28742328935616335,0.7125767106438367,0.38442535815839124,0.0
91,1.0,0.5294117647058824,0.47058823529411764,0.18641483529618155,0.8135851647038185,0.7667782560178542,0.2332217439821458,0.2807183679549132,0.7192816320450868,0.5242808355786358,0.06666666666666668
92,1.0,0.35294117647058826,0.6470588235294117,0.06757151321224072,0.9324284867877592,0.7038089387190908,0.2961910612809092,0.3133957413739759,0.6866042586260241,0.32939156202520337,0.2857142857142857
93,1.0,0.29411764705882354,0.7058823529411764,0.03359757021319692,0.9664024297868031,0.5907399456132819,0.4092600543867181,0.18663651513266752,0.8133634848673325,0.28602644718432696,0.2
94,1.0,0.5882352941176471,0.4117647058823529,0.3873383035660168,0.6126616964339833,0.8000893727656807,0.1999106272343193,0.33815018731543234,0.6618498126845677,0.6437684396265313,0.05454545454545454
95,1.0,0.4705882352941176,0.5294117647058825,0.19827447556039926,0.8017255244396008,0.7038089387190908,0.2961910612809092,0.26194772738067196,0.738052272619328,0.4898214596351104,0.3333333333333333
96,1.0,0.35294117647058826,0.6470588235294117,0.11381271403497122,0.8861872859650288,0.6824211643420256,0.3175788356579744,0.18246390758288425,0.8175360924171158,0.3483465909088913,0.14285714285714285
97,1.0,0.6470588235294118,0.3529411764705882,0.40975054189612986,0.5902494581038702,0.8049535603715169,0.19504643962848311,0.37169106160882914,0.6283089383911709,0.671901089246307,0.13636363636363638
98,1.0,0.35294117647058826,0.6470588235294117,0.060484695816291394,0.9395153041837087,0.7460233089219622,0.2539766910780378,0.4111846369202528,0.5888153630797472,0.30891669966452034,0.0
99,1.0,0.29411764705882354,0.7058823529411764,0.0450169468586845,0.9549830531413155,0.65747237981487,0.34252762018513006,0.22579673289599292,0.7742032671040071,0.27032037291399424,0.0
100,1.0,0.4705882352941176,0.5294117647058825,0.21296571207524675,0.7870342879247533,0.7528858317520555,0.24711416824794452,0.3362277574425325,0.6637722425574675,0.49059028645534075,0.16666666666666666
101,1.0,0.7058823529411764,0.2941176470588236,0.2708051514234458,0.7291948485765543,0.8474134334584897,0.15258656654151026,0.5337059728131965,0.46629402718680346,0.660395748624604,0.23076923076923078
102,1.0,0.2352941176470588,0.7647058823529412,0.08538319687292127,0.9146168031270787,0.6452807823381241,0.35471921766187586,0.13065134909030218,0.8693486509096978,0.2505400584720946,0.0
103,1.0,0.7058823529411764,0.2941176470588236,0.21505084012302964,0.7849491598769703,0.8221925133689839,0.1778074866310161,0.4417095767017585,0.5582904232982415,0.6715892742587297,0.2692307692307693
104,1.0,0.35294117647058826,0.6470588235294117,0.09693967265453654,0.9030603273454635,0.7059784698193002,0.29402153018069976,0.22617171055351068,0.7738282894464893,0.3508092574756154,0.14285714285714285
105,1.0,0.4705882352941176,0.5294117647058825,0.2003466219813572,0.7996533780186428,0.7785290105128,0.2214709894872,0.3129804750703122,0.6870195249296878,0.461842628624756,0.08333333333333333
106,1.0,0.41176470588235287,0.5882352941176472,0.27627254194731365,0.7237274580526863,0.7125212289640264,0.28747877103597363,0.2348806388187935,0.7651193611812065,0.4714841041663811,0.21428571428571427
107,1.0,0.41176470588235287,0.5882352941176472,0.09297760282577296,0.9070223971742271,0.7392156862745098,0.26078431372549016,0.35848290386663767,0.6415170961333623,0.3777925319518014,0.10714285714285714
108,1.0,1.0,0.0,1.0,0.0,1.0,0.0,0.5992178852673279,0.4007821147326721,1.0,0.07843137254901962
109,1.0,0.4705882352941176,0.5294117647058825,0.39173787016170064,0.6082621298382993,0.7392156862745098,0.26078431372549016,0.20460829872274625,0.7953917012772538,0.5604847063570835,0.16666666666666666
110,1.0,0.5294117647058824,0.47058823529411764,0.2615548458920033,0.7384451541079967,0.8347141673570835,0.16528583264291652,0.36981839728159854,0.6301816027184015,0.5271949311447375,0.3333333333333333
111,1.0,0.4705882352941176,0.5294117647058825,0.23200190632761097,0.767998093672389,0.7714593989769819,0.2285406010230181,0.32090093589394764,0.6790990641060524,0.4617933317190458,0.08333333333333333
112,1.0,0.29411764705882354,0.7058823529411764,0.20773936813980245,0.7922606318601976,0.7324623076322161,0.2675376923677839,0.21368787104574824,0.7863121289542517,0.30263479983451846,0.2
113,1.0,0.4705882352941176,0.5294117647058825,0.18268014739315971,0.8173198526068403,0.8172327508409222,0.18276724915907783,0.37806705947599384,0.6219329405240062,0.44921608923079703,0.25
114,1.0,0.1764705882352941,0.8235294117647058,0.01605300790953625,0.9839469920904638,0.5189709294390611,0.4810290705609389,0.12851950092205988,0.8714804990779401,0.17606724997156725,0.5
115,1.0,0.41176470588235287,0.5882352941176472,0.16682239729551454,0.8331776027044855,0.7081536803202956,0.2918463196797044,0.25362479779851993,0.74637520220148,0.40725331857185365,0.10714285714285714
116,1.0,0.5882352941176471,0.4117647058823529,0.36425231077125586,0.6357476892287441,0.7598039215686274,0.24019607843137258,0.2589733788324418,0.7410266211675582,0.6625761260174597,0.10909090909090909
117,1.0,0.41176470588235287,0.5882352941176472,0.05483680903092594,0.9451631909690741,0.6909097836025601,0.30909021639743994,0.30170018554360833,0.6982998144563917,0.38318697438982635,0.6428571428571429
118,1.0,0.4705882352941176,0.5294117647058825,0.14932180559650804,0.850678194403492,0.7324623076322161,0.2675376923677839,0.267762797527129,0.7322372024728709,0.46676445320002624,0.08333333333333333
119,1.0,0.5294117647058824,0.47058823529411764,0.1615200997800988,0.8384799002199013,0.8025181026767553,0.19748189732324473,0.4171548740580947,0.5828451259419053,0.48955990815117945,0.4
120,1.0,0.2352941176470588,0.7647058823529412,0.042623891788998385,0.9573761082110016,0.6059401647636942,0.39405983523630583,0.17638704560892118,0.8236129543910788,0.2284599707120341,0.0
121,1.0,0.2352941176470588,0.7647058823529412,0.0888588271776936,0.9111411728223064,0.5594019490990675,0.4405980509009325,0.08681982988812133,0.9131801701118787,0.2674545292086121,0.0
122,1.0,0.0588235294117647,0.9411764705882353,0.005849695022686418,0.9941503049773136,0.43811274509803916,0.5618872549019609,0.05197446675636387,0.9480255332436361,0.06491870151531558,0.0
123,1.0,0.1764705882352941,0.8235294117647058,0.044227129117362866,0.9557728708826372,0.5189709294390611,0.4810290705609389,0.09169846727058052,0.9083015327294195,0.19319015641719756,0.0
124,1.0,0.2352941176470588,0.7647058823529412,0.15527662514350052,0.8447233748564995,0.5813891457429404,0.4186108542570596,0.127726121295084,0.872273878704916,0.30362240114954836,0.0
125,1.0,0.29411764705882354,0.7058823529411764,0.19219782388208523,0.8078021761179148,0.641257759385161,0.35874224061483895,0.15069426304592654,0.8493057369540735,0.3581147631025643,0.2
126,1.0,0.2352941176470588,0.7647058823529412,0.13343370625271012,0.8665662937472899,0.3965894868585733,0.6034105131414267,0.054588943501790305,0.9454110564982097,0.3323977138814462,0.30000000000000004
127,1.0,0.35294117647058826,0.6470588235294117,0.28440774572324956,0.7155922542767504,0.7125212289640264,0.28747877103597363,0.2043748201442631,0.7956251798557369,0.4528014702908136,0.0
128,1.0,0.29411764705882354,0.7058823529411764,0.0629874337881723,0.9370125662118277,0.6253658179689786,0.3746341820310214,0.1764190348829915,0.8235809651170085,0.3013371582056076,0.2
129,1.0,0.41176470588235287,0.5882352941176472,0.12882778108223744,0.8711722189177625,0.6719326655117873,0.3280673344882127,0.21602580777617095,0.783974192223829,0.41239458977597826,0.42857142857142855
130,1.0,0.35294117647058826,0.6470588235294117,0.18189154300193952,0.8181084569980605,0.7169117647058824,0.28308823529411764,0.16981557984128487,0.8301844201587152,0.375457285704165,0.0
131,1.0,0.41176470588235287,0.5882352941176472,0.20284638302064653,0.7971536169793535,0.695187165775401,0.30481283422459904,0.24458487255693678,0.7554151274430632,0.43279419278550463,0.32142857142857145
132,1.0,0.5882352941176471,0.4117647058823529,0.2947412539779256,0.7052587460220744,0.7644471861816444,0.23555281381835558,0.22982959744568396,0.770170402554316,0.6100632983629045,0.16363636363636364
133,1.0,0.2352941176470588,0.7647058823529412,0.2621506388521338,0.7378493611478663,0.5648395721925135,0.43516042780748654,0.1109765600514608,0.8890234399485392,0.3174363197291731,0.0
134,1.0,0.5294117647058824,0.47058823529411764,0.19041474668732,0.8095852533126799,0.7059784698193002,0.29402153018069976,0.2792589295300236,0.7207410704699764,0.5323138713149513,0.2
135,1.0,0.11764705882352942,0.8823529411764706,0.024835035902401797,0.9751649640975982,0.4709678484188288,0.5290321515811711,0.07608595386977732,0.9239140461302227,0.15094684549862514,0.0
136,1.0,0.11764705882352942,0.8823529411764706,0.0421249248401159,0.9578750751598841,0.4757882882882884,0.5242117117117115,0.06864829665416125,0.9313517033458387,0.14112058311579204,0.0
137,1.0,0.29411764705882354,0.7058823529411764,0.11173149887246152,0.8882685011275385,0.6214421252371914,0.37855787476280855,0.16809534398009512,0.8319046560199048,0.3069297321311392,0.0
138,1.0,0.35294117647058826,0.6470588235294117,0.11278080170728597,0.887219198292714,0.6234015345268542,0.3765984654731458,0.1772940904394907,0.8227059095605093,0.3632853234223365,0.14285714285714285
139,1.0,0.11764705882352942,0.8823529411764706,0.016583480908762497,0.9834165190912375,0.41852146263910983,0.5814785373608902,0.052796036180144564,0.9472039638198554,0.13908913304466722,1.0
140,1.0,0.41176470588235287,0.5882352941176472,0.2687737573738088,0.7312262426261912,0.6533879374534625,0.34661206254653754,0.16190174095199866,0.8380982590480013,0.486159952323962,0.21428571428571427
141,1.0,0.35294117647058826,0.6470588235294117,0.31374155687809224,0.6862584431219078,0.5795325376527423,0.42046746234725774,0.07456432074334914,0.9254356792566508,0.48982233215413823,0.0
142,1.0,0.35294117647058826,0.6470588235294117,0.12331109794720777,0.8766889020527923,0.6930457007705807,0.3069542992294193,0.20205389729812562,0.7979461027018744,0.3605148428194299,0.0
143,1.0,0.11764705882352942,0.8823529411764706,0.028202913357033083,0.9717970866429669,0.5345321012343976,0.46546789876560235,0.08375091693042509,0.9162490830695749,0.12352155597561348,0.0
144,1.0,0.4705882352941176,0.5294117647058825,0.2083514035878193,0.7916485964121807,0.7235410676820266,0.27645893231797336,0.23661380803367849,0.7633861919663215,0.48467085842266194,0.25
145,1.0,0.35294117647058826,0.6470588235294117,0.33959589292851405,0.6604041070714859,0.7235410676820266,0.27645893231797336,0.2716862140974239,0.7283137859025761,0.3886105935090063,0.14285714285714285
146,1.0,0.29411764705882354,0.7058823529411764,0.20059758598552946,0.7994024140144705,0.5776804087135455,0.42231959128645447,0.10748979292128485,0.8925102070787152,0.37353606750724416,0.0
147,1.0,0.11764705882352942,0.8823529411764706,0.0215714050545931,0.9784285949454069,0.45513155317620957,0.5448684468237904,0.08117344315741301,0.918826556842587,0.1446067938693861,0.0
148,1.0,0.0588235294117647,0.9411764705882353,0.12251202854656962,0.8774879714534304,0.21909318255953028,0.7809068174404697,0.009738141765764534,0.9902618582342355,0.20210062094755218,0.0
149,1.0,0.35294117647058826,0.6470588235294117,0.07188381990519918,0.9281161800948008,0.665703781512605,0.334296218487395,0.22900568033983526,0.7709943196601647,0.33743388739955393,0.42857142857142855
150,1.0,0.41176470588235287,0.5882352941176472,0.2435981061185584,0.7564018938814416,0.7392156862745098,0.26078431372549016,0.1854321014862362,0.8145678985137638,0.4340195790947529,0.10714285714285714
151,1.0,0.41176470588235287,0.5882352941176472,0.28116815330155126,0.7188318466984487,0.7038089387190908,0.2961910612809092,0.1826773468291431,0.8173226531708568,0.4561347917971175,0.0
152,1.0,0.2352941176470588,0.7647058823529412,0.14343357845191426,0.8565664215480857,0.436585915855937,0.563414084144063,0.05489131961829353,0.9451086803817065,0.33267567730936876,0.30000000000000004
153,1.0,0.35294117647058826,0.6470588235294117,0.12463427588157552,0.8753657241184245,0.6472999035679844,0.3527000964320156,0.13811136174703026,0.8618886382529698,0.37580976157741264,0.42857142857142855
154,1.0,0.41176470588235287,0.5882352941176472,0.15746871456501849,0.8425312854349816,0.7081536803202956,0.2918463196797044,0.20869170432624493,0.791308295673755,0.4247887529730966,0.10714285714285714
155,1.0,0.5294117647058824,0.47058823529411764,0.21501013773978495,0.784989862260215,0.6432667406585274,0.3567332593414726,0.18431559300325492,0.815684406996745,0.571769327215139,0.2
156,1.0,0.2352941176470588,0.7647058823529412,0.11463638908781883,0.8853636109121812,0.5795325376527423,0.42046746234725774,0.11005745796748809,0.8899425420325119,0.280239804493031,0.0
157,1.0,0.29411764705882354,0.7058823529411764,0.10045073032566108,0.8995492696743389,0.6312880957626495,0.36871190423735045,0.12812003283847012,0.8718799671615298,0.3212963334360083,0.6000000000000001
158,1.0,0.2352941176470588,0.7647058823529412,0.046178834987692034,0.953821165012308,0.6452807823381241,0.35471921766187586,0.18884507581474783,0.8111549241852521,0.22285426362188965,0.0
159,1.0,0.4705882352941176,0.5294117647058825,0.11563097012256096,0.884369029877439,0.7279898714452666,0.2720101285547334,0.30564578291781885,0.6943542170821811,0.4483265370414975,0.25
160,1.0,0.29411764705882354,0.7058823529411764,0.15591212704995874,0.8440878729500413,0.600205198358413,0.399794801641587,0.1110490853343146,0.8889509146656854,0.3564723593083442,0.4
161,1.0,0.11764705882352942,0.8823529411764706,0.03869002086399444,0.9613099791360056,0.4614236999147484,0.5385763000852516,0.03198638151983456,0.9680136184801654,0.16321695509920855,0.0
162,1.0,0.29411764705882354,0.7058823529411764,0.19354814687692182,0.8064518531230782,0.4582706274946018,0.5417293725053982,0.05065728875950218,0.9493427112404978,0.42678496041527403,0.4
163,1.0,0.1764705882352941,0.8235294117647058,0.03885228343356311,0.9611477165664369,0.4709678484188288,0.5290321515811711,0.0459381120484908,0.9540618879515093,0.21701448906287177,0.5
164,1.0,0.2352941176470588,0.7647058823529412,0.10615554270371567,0.8938444572962844,0.3711776986368659,0.6288223013631341,0.02124546326300852,0.9787545367369915,0.36349886633000494,0.6000000000000001
165,1.0,0.1764705882352941,0.8235294117647058,0.08916419818692882,0.9108358018130712,0.5504251463618623,0.44957485363813765,0.0971563503860733,0.9028436496139267,0.22488717926853527,0.0
166,1.0,0.41176470588235287,0.5882352941176472,0.4208266106540585,0.5791733893459414,0.48064140910601527,0.5193585908939847,0.045381031421391896,0.9546189685786081,0.7303288749937523,0.0
167,1.0,0.35294117647058826,0.6470588235294117,0.3225827233620506,0.6774172766379494,0.5293086860912588,0.4706913139087412,0.06416192544552461,0.9358380745544754,0.5685837042909245,0.2857142857142857
168,1.0,0.11764705882352942,0.8823529411764706,0.03900102463354133,0.9609989753664586,0.35071942446043164,0.6492805755395683,0.016163629179417834,0.9838363708205822,0.1980158512437101,0.0
169,1.0,0.1764705882352941,0.8235294117647058,0.05354809832043684,0.9464519016795632,0.5504251463618623,0.44957485363813765,0.10647108880324464,0.8935289111967554,0.1980738646799802,0.5
170,1.0,0.2352941176470588,0.7647058823529412,0.14990194839897614,0.8500980516010239,0.5433199223085461,0.4566800776914539,0.08193553846288774,0.9180644615371123,0.321307600400572,0.30000000000000004
171,1.0,0.11764705882352942,0.8823529411764706,0.07830406068380152,0.9216959393161985,0.47902005045810636,0.5209799495418936,0.05394711346177975,0.9460528865382203,0.16993146179033958,0.0
172,1.0,0.1764705882352941,0.8235294117647058,0.17081072244432835,0.8291892775556716,0.4244906431628026,0.5755093568371974,0.026697913635416376,0.9733020863645836,0.3196629933464224,0.0
173,1.0,0.29411764705882354,0.7058823529411764,0.08053687428141809,0.9194631257185819,0.4520063839489283,0.5479936160510717,0.035189042575548043,0.964810957424452,0.4128700451911641,0.6000000000000001
174,1.0,0.29411764705882354,0.7058823529411764,0.41929943732386704,0.580700562676133,0.5964052287581698,0.4035947712418302,0.07033581821573026,0.9296641817842697,0.533372357475729,0.2
175,1.0,0.1764705882352941,0.8235294117647058,0.12223496476602808,0.8777650352339719,0.49209433203805436,0.5079056679619456,0.06648188813675382,0.9335181118632462,0.256311223086943,0.0
176,1.0,0.11764705882352942,0.8823529411764706,0.02054634815179627,0.9794536518482038,0.30036619390839336,0.6996338060916066,0.012742198413220121,0.9872578015867799,0.19518778235202303,0.0
177,1.0,0.1764705882352941,0.8235294117647058,0.0498842702744616,0.9501157297255384,0.41852146263910983,0.5814785373608902,0.023492649201842193,0.9765073507981578,0.271296577348817,0.5
178,1.0,0.11764705882352942,0.8823529411764706,0.05180189972224719,0.9481981002777529,0.3561130334486737,0.6438869665513263,0.012504273902817123,0.9874957260971828,0.19414390310150254,0.0
179,1.0,0.1764705882352941,0.8235294117647058,0.1321231658630241,0.8678768341369759,0.2688994673013714,0.7311005326986286,0.009394313444434404,0.9906056865555656,0.333374213643872,0.5
180,1.0,0.29411764705882354,0.7058823529411764,0.2228952806771723,0.7771047193228278,0.5557984192487935,0.4442015807512065,0.06027308846242717,0.9397269115375728,0.3960123832668003,0.2
181,1.0,0.29411764705882354,0.7058823529411764,0.25403527431986545,0.7459647256801345,0.474177860120426,0.5258221398795739,0.025806617582337547,0.9741933824176624,0.4588716970469415,0.2
182,1.0,0.2352941176470588,0.7647058823529412,0.17893658570203202,0.821063414297968,0.4677722152690863,0.5322277847309137,0.033513597457447655,0.9664864025425524,0.35194345350986395,0.0
183,1.0,0.2352941176470588,0.7647058823529412,0.11331761967223114,0.8866823803277688,0.5003874401994474,0.49961255980055264,0.04223789933719571,0.9577621006628043,0.29712116605535993,0.30000000000000004
184,1.0,0.35294117647058826,0.6470588235294117,0.10096301157760167,0.8990369884223983,0.4411764705882354,0.5588235294117646,0.03582419116114687,0.9641758088388531,0.5043950047387967,0.2857142857142857
185,1.0,0.0588235294117647,0.9411764705882353,0.00457506769165385,0.9954249323083462,0.29296197850456496,0.707038021495435,0.010982275709498801,0.9890177242905012,0.10034798619174533,0.0
186,1.0,0.41176470588235287,0.5882352941176472,0.32203741111350004,0.6779625888865,0.5758327427356483,0.42416725726435167,0.06585937860327228,0.9341406213967277,0.6068337850324734,0.21428571428571427
187,1.0,0.11764705882352942,0.8823529411764706,0.034796803478385444,0.9652031965216146,0.35071942446043164,0.6492805755395683,0.015615229228208967,0.984384770771791,0.18760136919751866,0.0
188,1.0,0.35294117647058826,0.6470588235294117,0.1983357260973178,0.8016642739026822,0.5684863873606996,0.43151361263930044,0.07978123756335136,0.9202187624366487,0.4577252572609154,0.2857142857142857
189,1.0,0.2352941176470588,0.7647058823529412,0.18642936409606234,0.8135706359039376,0.5776804087135455,0.42231959128645447,0.08829306675383623,0.9117069332461638,0.31691852040170615,0.30000000000000004
190,1.0,0.1764705882352941,0.8235294117647058,0.171512931218941,0.828487068781059,0.43506242759685926,0.5649375724031407,0.05244951473251416,0.9475504852674859,0.31457544416510896,0.0
191,1.0,0.0,1.0,0.0,1.0,0.1381998582565556,0.8618001417434444,0.004086525509215044,0.9959134744907849,0.04246751651919953,0.0
192,1.0,0.1764705882352941,0.8235294117647058,0.033126623772237,0.966873376227763,0.5795325376527423,0.42046746234725774,0.187136675803801,0.812863324196199,0.18010600394814447,0.5
193,1.0,0.11764705882352942,0.8823529411764706,0.04882333466142396,0.951176665338576,0.47902005045810636,0.5209799495418936,0.04942787888227808,0.9505721211177219,0.15553623449108112,0.0
194,1.0,0.35294117647058826,0.6470588235294117,0.283396703973146,0.716603296026854,0.5241217558036021,0.4758782441963979,0.05341448295484516,0.9465855170451548,0.5289638082261622,0.0
195,1.0,0.0588235294117647,0.9411764705882353,0.012900691822733429,0.9870993081772665,0.4335422693667631,0.5664577306332369,0.0393724256624105,0.9606275743375895,0.0839243819494703,0.0
196,1.0,0.0,1.0,0.0,1.0,0.19255805303151072,0.8074419469684893,0.004178114147478576,0.9958218858525214,0.028770433171889556,0.0
197,1.0,0.1764705882352941,0.8235294117647058,0.06628947387931389,0.9337105261206862,0.586986007995431,0.413013992004569,0.11908018127279521,0.8809198187272048,0.1997162544830655,0.5
198,1.0,0.11764705882352942,0.8823529411764706,0.05400570658911163,0.9459942934108884,0.502057474365893,0.497942525634107,0.06837045081814391,0.931629549181856,0.14700108683923205,0.0
199,1.0,0.11764705882352942,0.8823529411764706,0.04586160376535685,0.9541383962346431,0.4757882882882884,0.5242117117117115,0.0609487004933919,0.9390512995066082,0.16221665046486458,0.0
200,1.0,0.0,1.0,0.0,1.0,0.36979390296264497,0.6302060970373551,0.04841236262238901,0.951587637377611,0.004557624592075935,0.0
201,1.0,0.0,1.0,0.0,1.0,0.1956788150042626,0.8043211849957375,0.005198192943606353,0.9948018070563936,0.03358142055118519,0.0
202,1.0,0.0,1.0,0.0,1.0,0.39515221604050743,0.6048477839594926,0.07057839953743125,0.9294216004625687,0.00079352864857336,0.0
203,1.0,0.0,1.0,0.0,1.0,0.29788838612368024,0.7021116138763197,0.03270179769626983,0.9672982023037302,0.008359108731310062,0.0
204,1.0,0.0,1.0,0.0,1.0,0.39515221604050743,0.6048477839594926,0.066559020047341,0.933440979952659,0.001928283908076016,0.0
205,1.0,0.0,1.0,0.0,1.0,0.2844332855093256,0.7155667144906743,0.0263887397660077,0.9736112602339922,0.0112193356636606,0.0
206,1.0,0.0,1.0,0.0,1.0,0.35206366497216185,0.6479363350278382,0.031203413866051764,0.9687965861339483,0.008912191920574025,0.0
207,1.0,0.0,1.0,0.0,1.0,0.35746840058337387,0.6425315994166261,0.03704376509318277,0.9629562349068173,0.0114372766550576,0.0
208,1.0,0.0,1.0,0.0,1.0,0.16620372773999273,0.8337962722600073,0.0034156300889592916,0.9965843699110407,0.04028970306422899,0.0
209,1.0,0.0,1.0,0.0,1.0,0.13164846777034167,0.8683515322296583,0.0016423475321501603,0.9983576524678498,0.043548620720234764,0.0
210,1.0,0.0,1.0,0.0,1.0,0.3922868192876302,0.6077131807123698,0.06682434475268557,0.9331756552473144,0.003648312490281282,0.0
211,1.0,0.0,1.0,0.0,1.0,0.32828282828282834,0.6717171717171717,0.031958195538101364,0.9680418044618986,0.0066483144794228935,0.0
212,1.0,0.0,1.0,0.0,1.0,0.4023692810457516,0.5976307189542485,0.06917804858059927,0.9308219514194007,0.0014681285730835298,0.0
213,1.0,0.0,1.0,0.0,1.0,0.2688994673013714,0.7311005326986286,0.014475033775465622,0.9855249662245343,0.014346755030565856,0.0
214,1.0,0.0,1.0,0.0,1.0,0.40091970619624595,0.599080293803754,0.06270501973920187,0.9372949802607982,0.0014462515331775528,0.0
215,1.0,0.0,1.0,0.0,1.0,0.3629179887722725,0.6370820112277276,0.05376275812867023,0.9462372418713297,0.004057252435113586,0.0
216,1.0,0.0,1.0,0.0,1.0,0.3629179887722725,0.6370820112277276,0.0645518665894229,0.9354481334105771,0.005498512241144956,0.0
217,1.0,0.0,1.0,0.0,1.0,0.31798891901449955,0.6820110809855005,0.01852846826235174,0.9814715317376482,0.014190485192324916,0.0
218,1.0,0.0,1.0,0.0,1.0,0.3269870006529352,0.6730129993470648,0.03994124146223153,0.9600587585377685,0.007600372906114434,0.0
219,1.0,0.0,1.0,0.0,1.0,0.31798891901449955,0.6820110809855005,0.03185319794268522,0.9681468020573147,0.009356341601045223,0.0
220,1.0,0.0,1.0,0.0,1.0,0.3767418917252435,0.6232581082747565,0.07992028787573043,0.9200797121242695,0.0,0.0
221,1.0,0.0,1.0,0.0,1.0,0.16620372773999273,0.8337962722600073,0.0034156300889592924,0.9965843699110407,0.04028970306422899,0.0
222,1.0,0.0,1.0,0.0,1.0,0.23561111417387942,0.7643888858261205,0.0057841795269181415,0.9942158204730819,0.042562668917861556,0.0
223,1.0,0.0,1.0,0.0,1.0,0.2991260670112072,0.7008739329887927,0.04641405707972023,0.9535859429202798,0.009647864992461477,0.0
224,1.0,0.0,1.0,0.0,1.0,0.264197809642091,0.7358021903579091,0.02446082907578875,0.9755391709242113,0.0125705831765213,0.0
225,1.0,0.0,1.0,0.0,1.0,0.2991260670112072,0.7008739329887927,0.046414057079720225,0.9535859429202798,0.009647864992461477,0.0
226,1.0,0.0,1.0,0.0,1.0,0.22454803648478894,0.7754519635152111,0.009310598190881413,0.9906894018091186,0.019919194505671017,0.0
227,1.0,0.0,1.0,0.0,1.0,0.35071942446043164,0.6492805755395683,0.036119534186117984,0.963880465813882,0.009748494529970628,0.0
228,1.0,0.0,1.0,0.0,1.0,0.3091161837869476,0.6908838162130524,0.03363669621115632,0.9663633037888437,0.007852104759091065,0.0
229,1.0,0.0,1.0,0.0,1.0,0.35746840058337387,0.6425315994166261,0.03704376509318278,0.9629562349068173,0.0114372766550576,0.0
230,1.0,0.0,1.0,0.0,1.0,0.32569378557874773,0.6743062144212523,0.031020949065510773,0.9689790509344892,0.007589345534940861,0.0
231,1.0,0.0,1.0,0.0,1.0,0.302853814793244,0.697146185206756,0.02140172599487059,0.9785982740051294,0.012787446163827388,0.0
232,1.0,0.0,1.0,0.0,1.0,0.35746840058337387,0.6425315994166261,0.03704376509318277,0.9629562349068173,0.0114372766550576,0.0
233,1.0,0.0,1.0,0.0,1.0,0.2267441860465116,0.7732558139534884,0.011231301605065141,0.9887686983949349,0.02206485301436237,0.0
234,1.0,0.0,1.0,0.0,1.0,0.0,1.0,3.2633994590007125e-05,0.99996736600541,0.08736894761277605,0.0
235,1.0,0.0,1.0,0.0,1.0,0.032705150489433774,0.9672948495105662,0.0,1.0,0.046462255033422446,0.0
236,1.0,0.0,1.0,0.0,1.0,0.11425529807882745,0.8857447019211726,0.004289586463042608,0.9957104135369574,0.026956656178785128,0.0
237,1.0,0.0,1.0,0.0,1.0,0.32958127639326706,0.6704187236067329,0.04879652236444478,0.9512034776355552,0.005742458079592093,0.0
238,1.0,0.0,1.0,0.0,1.0,0.3629179887722725,0.6370820112277276,0.06455186658942287,0.9354481334105771,0.005498512241144956,0.0
239,1.0,0.0,1.0,0.0,1.0,0.1956788150042626,0.8043211849957375,0.005198192943606358,0.9948018070563936,0.03358142055118519,0.0
240,1.0,0.0,1.0,0.0,1.0,0.22564509075005465,0.7743549092499453,0.006185522057621375,0.9938144779423786,0.024017539648867037,0.0
241,1.0,0.0,1.0,0.0,1.0,0.1391422201955718,0.8608577798044282,0.004318286078338798,0.9956817139216612,0.027003909961525036,0.0
242,1.0,0.0,1.0,0.0,1.0,0.302853814793244,0.697146185206756,0.018506307962590476,0.9814936920374095,0.01952214927974334,0.0
243,1.0,0.0,1.0,0.0,1.0,0.3269870006529352,0.6730129993470648,0.03994124146223151,0.9600587585377685,0.007600372906114434,0.0
244,1.0,0.0,1.0,0.0,1.0,0.23561111417387942,0.7643888858261205,0.005784179526918138,0.9942158204730819,0.042562668917861556,0.0
245,1.0,0.0,1.0,0.0,1.0,0.3922868192876302,0.6077131807123698,0.06682434475268559,0.9331756552473144,0.003648312490281282,0.0
246,1.0,0.0,1.0,0.0,1.0,0.35746840058337387,0.6425315994166261,0.04648188319468786,0.9535181168053122,0.005598550768633274,0.0
247,1.0,0.0,1.0,0.0,1.0,0.16225619535413113,0.8377438046458688,0.0015577513870108316,0.9984422486129891,0.03200840869044598,0.0
248,1.0,0.0,1.0,0.0,1.0,0.2618604913229659,0.7381395086770342,0.013411291347444348,0.9865887086525557,0.01773450971501903,0.0
249,1.0,0.0,1.0,0.0,1.0,0.32958127639326706,0.6704187236067329,0.023688455442351264,0.9763115445576487,0.010365513141687632,0.0
