"node_id","weight","deg_centrality","r_degree","betweenness","r_betweenness","closeness","r_closeness","eigenvector","r_eigenvector","pagerank","ccf"
0,1.0,0.8124999999999999,0.1875000000000001,0.5341539525369566,0.46584604746304337,0.9304874107588801,0.06951258924111992,0.7668996469282731,0.23310035307172694,0.8068146384356951,0.09890109890109891
1,1.0,0.6874999999999999,0.3125000000000001,0.22225461852662248,0.7777453814733775,0.8108418576664296,0.18915814233357042,0.7094902244849582,0.29050977551504176,0.5946729006684808,0.15909090909090912
2,1.0,0.8124999999999999,0.1875000000000001,0.32678643845263244,0.6732135615473676,0.8733184652755089,0.12668153472449106,0.8338375826695047,0.1661624173304953,0.6996811539744173,0.1318681318681319
3,1.0,0.5624999999999999,0.4375000000000001,0.31728523831611416,0.6827147616838858,0.8519619667349172,0.1480380332650828,0.5600294109918114,0.43997058900818864,0.5042104134454279,0.13333333333333336
4,1.0,0.6249999999999999,0.3750000000000001,0.2988080196720815,0.7011919803279185,0.7759700294353761,0.22402997056462393,0.5670524844310167,0.43294751556898325,0.588623536293523,0.13636363636363638
5,1.0,0.4374999999999999,0.5625000000000001,0.08765628915646885,0.9123437108435312,0.7364692991038234,0.2635307008961766,0.4394262985242029,0.5605737014757971,0.37743385286425,0.16071428571428573
6,1.0,0.6249999999999999,0.3750000000000001,0.10899583336572342,0.8910041666342766,0.840330868529891,0.15966913147010897,0.7487069934923888,0.2512930065076112,0.5128414353645792,0.10909090909090909
7,1.0,0.7499999999999999,0.2500000000000001,0.2526670837734299,0.74733291622657,0.8288622158305216,0.17113778416947845,0.732776965998797,0.26722303400120295,0.6634090990938962,0.13461538461538464
8,1.0,0.5624999999999999,0.4375000000000001,0.09812812493526864,0.9018718750647313,0.8243194793016906,0.17568052069830942,0.7406285836460305,0.25937141635396954,0.46395810607294735,0.13333333333333336
9,1.0,1.0,0.0,0.7407460254906117,0.25925397450938825,1.0,0.0,0.9974561421331459,0.0025438578668540712,0.8827485068927126,0.07720588235294118
10,1.0,0.8749999999999999,0.1250000000000001,0.2595283097355343,0.7404716902644657,0.882988298829883,0.11701170117011706,0.9686154355237955,0.031384564476204524,0.738630899118916,0.17142857142857143
11,1.0,0.6874999999999999,0.3125000000000001,0.2202134377611322,0.7797865622388678,0.8426439827081299,0.1573560172918701,0.6799934199485056,0.3200065800514944,0.5809276924204252,0.045454545454545456
12,1.0,0.4999999999999999,0.5000000000000001,0.12137685657628937,0.8786231434237106,0.7405338948690114,0.25946610513098856,0.5035273695618383,0.4964726304381617,0.4347002379536569,0.16666666666666666
13,1.0,0.6249999999999999,0.3750000000000001,0.15913760188460313,0.8408623981153969,0.806398821700352,0.19360117829964796,0.5876076329189285,0.4123923670810715,0.5363320255467608,0.10909090909090909
14,1.0,0.5624999999999999,0.4375000000000001,0.20085607442258585,0.7991439255774142,0.8041864709166928,0.19581352908330718,0.6177247764016149,0.38227522359838506,0.4854803147947917,0.2666666666666667
15,1.0,0.5624999999999999,0.4375000000000001,0.218431265901502,0.781568734098498,0.8781394686231215,0.12186053137687847,0.5833768617843139,0.4166231382156861,0.4983672315764347,0.1
16,1.0,0.6874999999999999,0.3125000000000001,0.26079269645169073,0.7392073035483093,0.7997799779977999,0.20022002200220013,0.7256019990928927,0.2743980009071073,0.6320748572580843,0.11363636363636365
17,1.0,0.8749999999999999,0.1250000000000001,0.2860886139305624,0.7139113860694376,0.8952337094174533,0.10476629058254672,0.9330387018489861,0.06696129815101393,0.7354889027256903,0.1285714285714286
18,1.0,0.8124999999999999,0.1875000000000001,0.2500765630002811,0.749923436999719,0.8927704091163835,0.1072295908836165,0.9880335057144504,0.011966494285549634,0.6808397037103588,0.24725274725274726
19,1.0,0.6249999999999999,0.3750000000000001,0.14469716312413186,0.8553028368758682,0.822057588234484,0.17794241176551595,0.7084237696734973,0.2915762303265027,0.5225238184094093,0.13636363636363638
20,1.0,0.6249999999999999,0.3750000000000001,0.10248115231197494,0.897518847688025,0.8198019801980199,0.18019801980198014,0.7602959921866254,0.23970400781337464,0.5105614701152176,0.10909090909090909
21,1.0,0.31249999999999994,0.6875,0.04332334828605993,0.9566766517139401,0.7047077610986906,0.2952922389013094,0.3520900926022283,0.6479099073977717,0.2676753475728717,0.1
22,1.0,0.6874999999999999,0.3125000000000001,0.24996264653719633,0.7500373534628036,0.8108418576664296,0.18915814233357042,0.6870311941477764,0.31296880585222364,0.6311629352857906,0.11363636363636365
23,1.0,0.5624999999999999,0.4375000000000001,0.1083308382008545,0.8916691617991455,0.7845458458889366,0.2154541541110634,0.6060867970867957,0.3939132029132043,0.4799584225391759,0.13333333333333336
24,1.0,0.7499999999999999,0.2500000000000001,0.17224413333745278,0.8277558666625472,0.8903142488161861,0.10968575118381385,0.8926849250610605,0.10731507493893955,0.6222187230170323,0.11538461538461539
25,1.0,0.4999999999999999,0.5000000000000001,0.039917126401965715,0.9600828735980342,0.7528575760372309,0.2471424239627691,0.6761269687604144,0.32387303123958555,0.40302173761266746,0.2916666666666667
26,1.0,0.6874999999999999,0.3125000000000001,0.34055825784645083,0.6594417421535492,0.8781394686231215,0.12186053137687847,0.611593050468954,0.38840694953104604,0.6267546009890916,0.09090909090909091
27,1.0,0.6874999999999999,0.3125000000000001,0.37112973015149425,0.6288702698485058,0.8426439827081299,0.1573560172918701,0.6749834005188773,0.3250165994811227,0.6497751791553106,0.09090909090909091
28,1.0,0.7499999999999999,0.2500000000000001,0.21746926548755435,0.7825307345124457,0.8543079839898885,0.1456920160101115,0.8988550831267805,0.10114491687321947,0.6337153756179471,0.21153846153846154
29,1.0,0.5624999999999999,0.4375000000000001,0.2601141344369865,0.7398858655630135,0.7975857859758578,0.20241421402414217,0.5383033008236665,0.4616966991763335,0.5360338238734034,0.13333333333333336
30,1.0,0.6874999999999999,0.3125000000000001,0.358883584070861,0.6411164159291389,0.8613861386138615,0.13861386138613851,0.6969787212517253,0.30302127874827467,0.6074547173235294,0.11363636363636365
31,1.0,0.7499999999999999,0.2500000000000001,0.4675822082754039,0.532417791724596,0.8590200414067011,0.14097995859329893,0.7360532803937133,0.2639467196062867,0.6926505120775969,0.11538461538461539
32,1.0,0.6249999999999999,0.3750000000000001,0.16172252403883697,0.8382774759611631,0.8175526290493128,0.1824473709506872,0.704000630257821,0.295999369742179,0.5361668797050331,0.16363636363636364
33,1.0,0.4374999999999999,0.5625000000000001,0.0975743015491896,0.9024256984508104,0.7653797594524553,0.2346202405475447,0.4042637912949743,0.5957362087050257,0.374593165984039,0.0
34,1.0,0.8124999999999999,0.1875000000000001,0.7231659548980857,0.27683404510191434,0.938233167579053,0.06176683242094705,0.6662458894171821,0.3337541105828179,0.8643901069979736,0.06593406593406595
35,1.0,0.6249999999999999,0.3750000000000001,0.15386501235629418,0.8461349876437059,0.8426439827081299,0.1573560172918701,0.6910791741644761,0.30892082583552394,0.516583976706147,0.10909090909090909
36,1.0,0.7499999999999999,0.2500000000000001,0.20618407565967184,0.7938159243403282,0.8757255035848414,0.12427449641515864,0.8801751727455,0.11982482725450005,0.6301019030732876,0.1923076923076923
37,1.0,0.5624999999999999,0.4375000000000001,0.11783798027277806,0.882162019727222,0.7507899726142828,0.24921002738571718,0.57257507459676,0.42742492540323995,0.47124621966736596,0.06666666666666668
38,1.0,0.8124999999999999,0.1875000000000001,0.20662575602925903,0.793374243970741,0.8733184652755089,0.12668153472449106,0.8848870339334961,0.1151129660665039,0.6816663236388657,0.14835164835164835
39,1.0,0.4374999999999999,0.5625000000000001,0.11988099644646454,0.8801190035535355,0.8198019801980199,0.18019801980198014,0.5319684542140898,0.4680315457859102,0.3788395905988149,0.16071428571428573
40,1.0,0.6874999999999999,0.3125000000000001,0.24690505448754102,0.7530949455124589,0.8243194793016906,0.17568052069830942,0.7583002785028548,0.24169972149714525,0.6255388753491995,0.15909090909090912
41,1.0,0.375,0.625,0.04846488543142742,0.9515351145685725,0.6760997618749218,0.3239002381250782,0.37632195684719183,0.6236780431528082,0.3189530085627048,0.14285714285714285
42,1.0,0.9374999999999998,0.06250000000000022,0.4622939507415644,0.5377060492584356,0.882988298829883,0.11701170117011706,0.9555288489861621,0.04447115101383792,0.8696739886688967,0.1125
43,1.0,0.8749999999999999,0.1250000000000001,0.400469556729044,0.5995304432709561,0.8637589864549935,0.1362410135450065,0.8160818421292615,0.1839181578707385,0.8026352681456227,0.08571428571428572
44,1.0,0.31249999999999994,0.6875,0.0369594817864423,0.9630405182135577,0.6969712375602131,0.30302876243978694,0.38546446498501824,0.6145355350149817,0.258108113838154,0.0
45,1.0,0.8124999999999999,0.1875000000000001,0.3502072900018239,0.6497927099981762,0.882988298829883,0.11701170117011706,0.9083942069861786,0.09160579301382143,0.7115191115694242,0.19780219780219782
46,1.0,0.6874999999999999,0.3125000000000001,0.32986750240665896,0.670132497593341,0.8878651975183047,0.11213480248169527,0.7954540501860371,0.2045459498139629,0.6327337017444643,0.20454545454545453
47,1.0,0.6249999999999999,0.3750000000000001,0.25511838005337567,0.7448816199466244,0.806398821700352,0.19360117829964796,0.6304853675615407,0.3695146324384593,0.5533892338535905,0.05454545454545454
48,1.0,0.4999999999999999,0.5000000000000001,0.19020726876615715,0.8097927312338429,0.7446200249163989,0.2553799750836011,0.5131790401599124,0.48682095984008755,0.4804045362967696,0.20833333333333334
49,1.0,0.6874999999999999,0.3125000000000001,0.17352548477390214,0.8264745152260978,0.8108418576664296,0.18915814233357042,0.6708545517152106,0.3291454482847894,0.5874683192510293,0.15909090909090912
50,1.0,0.5624999999999999,0.4375000000000001,0.13768467380436197,0.862315326195638,0.8496225860209784,0.1503774139790216,0.6092248409997333,0.3907751590002667,0.4709858205267667,0.06666666666666668
51,1.0,0.4999999999999999,0.5000000000000001,0.14241660211023874,0.8575833978897612,0.7507899726142828,0.24921002738571718,0.5640942082265461,0.4359057917734539,0.4339738735819165,0.08333333333333333
52,1.0,0.6874999999999999,0.3125000000000001,0.13625747488149853,0.8637425251185015,0.822057588234484,0.17794241176551595,0.7575228844054489,0.2424771155945511,0.576148021805518,0.20454545454545453
53,1.0,0.8749999999999999,0.1250000000000001,0.6459565927737188,0.35404340722628125,0.9565787904091615,0.043421209590838505,0.8347448574637206,0.16525514253627938,0.7755245212861084,0.1
54,1.0,0.4999999999999999,0.5000000000000001,0.07348314065292039,0.9265168593470796,0.7759700294353761,0.22402997056462393,0.5787868179388492,0.42121318206115077,0.4107217230819466,0.16666666666666666
55,1.0,0.9374999999999998,0.06250000000000022,0.632087635065198,0.36791236493480195,0.9460484970652756,0.053951502934724394,1.0,0.0,0.8148057741766468,0.08750000000000001
56,1.0,0.6249999999999999,0.3750000000000001,0.30237334433161434,0.6976266556683857,0.8380242518633886,0.16197574813661142,0.5954867883554938,0.40451321164450615,0.5670556462312256,0.08181818181818182
57,1.0,0.6874999999999999,0.3125000000000001,0.21014921563372013,0.7898507843662799,0.8543079839898885,0.1456920160101115,0.6942487100689475,0.3057512899310525,0.586396030799586,0.13636363636363638
58,1.0,0.6874999999999999,0.3125000000000001,0.2115761772263639,0.7884238227736361,0.8685250499298857,0.13147495007011434,0.7375838953642893,0.26241610463571075,0.5940827633539244,0.13636363636363638
59,1.0,0.4999999999999999,0.5000000000000001,0.06998742530695405,0.930012574693046,0.7446200249163989,0.2553799750836011,0.5457290166083493,0.45427098339165073,0.41464778844778033,0.125
60,1.0,0.5624999999999999,0.4375000000000001,0.21327247696106608,0.7867275230389339,0.718440594059406,0.28155940594059403,0.4386144301603127,0.5613855698396872,0.5397282054414012,0.2
61,1.0,0.8124999999999999,0.1875000000000001,0.3504636533899993,0.6495363466100007,0.9356435643564358,0.06435643564356419,0.832078858587258,0.16792114141274195,0.7095259088227788,0.1318681318681319
62,1.0,0.6249999999999999,0.3750000000000001,0.21552764812402178,0.7844723518759782,0.8496225860209784,0.1503774139790216,0.6187172027872039,0.3812827972127961,0.5326203931248965,0.10909090909090909
63,1.0,0.4999999999999999,0.5000000000000001,0.25618295583387096,0.743817044166129,0.8108418576664296,0.18915814233357042,0.5083740442863327,0.4916259557136673,0.45524908236707345,0.125
64,1.0,0.5624999999999999,0.4375000000000001,0.11184206555749113,0.8881579344425089,0.7823931646896034,0.2176068353103966,0.6253921374120972,0.3746078625879028,0.4664699194086548,0.06666666666666668
65,1.0,0.4374999999999999,0.5625000000000001,0.2659196387630152,0.7340803612369848,0.7738405419489318,0.22615945805106819,0.5077857966473819,0.4922142033526181,0.39841298131940717,0.16071428571428573
66,1.0,0.8124999999999999,0.1875000000000001,0.3655413123095053,0.6344586876904947,0.8977041808984393,0.10229581910156071,0.9376255457702053,0.06237445422979471,0.7023190123343224,0.09890109890109891
67,1.0,0.8124999999999999,0.1875000000000001,0.4252581206697182,0.5747418793302819,0.9592312172393711,0.0407687827606289,0.8048478037930348,0.19515219620696522,0.707612611317856,0.11538461538461539
68,1.0,0.8749999999999999,0.1250000000000001,0.3908713349804575,0.6091286650195424,0.9126793736642388,0.08732062633576121,0.816051863001351,0.18394813699864898,0.767964401584344,0.07142857142857142
69,1.0,0.6249999999999999,0.3750000000000001,0.12208525008930071,0.8779147499106993,0.8637589864549935,0.1362410135450065,0.7567354560688669,0.24326454393113306,0.5200871435249791,0.30000000000000004
70,1.0,0.6249999999999999,0.3750000000000001,0.4924524442309013,0.5075475557690987,0.7845458458889366,0.2154541541110634,0.2549705615243357,0.7450294384756643,0.7261090409755112,0.02727272727272727
71,1.0,0.5624999999999999,0.4375000000000001,0.1764044117280513,0.8235955882719487,0.7975857859758578,0.20241421402414217,0.3751655322147768,0.6248344677852232,0.5041976161623443,0.06666666666666668
72,1.0,0.6874999999999999,0.3125000000000001,0.34292957106313915,0.6570704289368609,0.8709183239240831,0.12908167607591692,0.6329616288378397,0.3670383711621603,0.6513191789381741,0.09090909090909091
73,1.0,0.4374999999999999,0.5625000000000001,0.19511975418150235,0.8048802458184976,0.7144914491449145,0.28550855085508553,0.2528457886394871,0.747154211360513,0.4360760234072965,0.10714285714285714
74,1.0,0.4999999999999999,0.5000000000000001,0.19947126457959446,0.8005287354204056,0.7105627661211716,0.28943723387882836,0.3166694068972384,0.6833305931027616,0.4768726488403727,0.08333333333333333
75,1.0,0.5624999999999999,0.4375000000000001,0.15454290674603513,0.8454570932539649,0.724403028538148,0.275596971461852,0.3200775707808274,0.6799224292191726,0.5218602061622328,0.1
76,1.0,0.7499999999999999,0.2500000000000001,0.37164704913107277,0.6283529508689272,0.8781394686231215,0.12186053137687847,0.5740327876361527,0.42596721236384727,0.6716951647146446,0.07692307692307693
77,1.0,0.31249999999999994,0.6875,0.1660848214790699,0.8339151785209301,0.6378264213597685,0.3621735786402315,0.2229908414120823,0.7770091585879177,0.33907820612459083,0.0
78,1.0,0.4374999999999999,0.5625000000000001,0.06833543244727834,0.9316645675527216,0.6969712375602131,0.30302876243978694,0.3293624164598981,0.670637583540102,0.38456836407133604,0.05357142857142857
79,1.0,0.5624999999999999,0.4375000000000001,0.10791316602161033,0.8920868339783896,0.7446200249163989,0.2553799750836011,0.40337682338883224,0.5966231766111678,0.4991959849766399,0.23333333333333334
80,1.0,0.375,0.625,0.05954678459904844,0.9404532154009515,0.6969712375602131,0.30302876243978694,0.30365407568193076,0.6963459243180692,0.32337602690905043,0.07142857142857142
81,1.0,0.24999999999999994,0.75,0.16341834785009499,0.836581652149905,0.6649584556445595,0.33504154435544053,0.24768297489647942,0.7523170251035206,0.28951797005185054,0.15000000000000002
82,1.0,0.6874999999999999,0.3125000000000001,0.34817545801157795,0.6518245419884221,0.7867043847241868,0.2132956152758132,0.4232921960589234,0.5767078039410767,0.6909229343055197,0.06818181818181819
83,1.0,0.31249999999999994,0.6875,0.1980300549382615,0.8019699450617385,0.668653515225578,0.33134648477442197,0.16438269639826042,0.8356173036017396,0.360182392093381,0.0
84,1.0,0.24999999999999994,0.75,0.09682601615589118,0.9031739838441089,0.6668036614982252,0.33319633850177477,0.18359463596884662,0.8164053640311534,0.24711932029596553,0.30000000000000004
85,1.0,0.4374999999999999,0.5625000000000001,0.16008955985639972,0.8399104401436003,0.7611833472503876,0.2388166527496124,0.3543800593600889,0.6456199406399111,0.40042291290574983,0.0
86,1.0,0.24999999999999994,0.75,0.038857167896859626,0.9611428321031403,0.6855142839124676,0.3144857160875324,0.2640806956153169,0.7359193043846831,0.2161527092333386,0.0
87,1.0,1.0,0.0,0.4983077377592104,0.5016922622407896,0.882988298829883,0.11701170117011706,0.6607080453384058,0.33929195466159423,0.9155364701872747,0.17647058823529413
88,1.0,0.6874999999999999,0.3125000000000001,0.39235814123060697,0.607641858769393,0.8878651975183047,0.11213480248169527,0.4906806817334005,0.5093193182665995,0.6392867497246006,0.022727272727272728
89,1.0,0.6874999999999999,0.3125000000000001,0.5392837065473108,0.46071629345268916,0.801980198019802,0.19801980198019797,0.4055449734988938,0.5944550265011062,0.7797717991467918,0.022727272727272728
90,1.0,1.0,0.0,1.0,0.0,0.9972234511586752,0.002776548841324833,0.6745433779495805,0.3254566220504195,1.0,0.04411764705882353
91,1.0,0.4374999999999999,0.5625000000000001,0.11079031203165694,0.8892096879683431,0.7425742574257426,0.25742574257425743,0.32406573903000946,0.6759342609699905,0.3890790441152579,0.0
92,1.0,0.24999999999999994,0.75,0.02431603276297092,0.9756839672370291,0.6237623762376237,0.37623762376237635,0.2262727553801853,0.7737272446198147,0.2136029638665442,0.30000000000000004
93,1.0,0.6249999999999999,0.3750000000000001,0.31167635801115345,0.6883236419888465,0.8086172755206554,0.19138272447934457,0.4083683161488353,0.5916316838511647,0.6199720203060335,0.08181818181818182
94,1.0,0.125,0.875,0.0027142081891493555,0.9972857918108506,0.5463837376809275,0.4536162623190725,0.13795368061882193,0.862046319381178,0.11675434869999425,1.0
95,1.0,0.6874999999999999,0.3125000000000001,0.3376611926220535,0.6623388073779465,0.8472898137271355,0.15271018627286448,0.420941929843646,0.579058070156354,0.6394063064323453,0.022727272727272728
96,1.0,0.6249999999999999,0.3750000000000001,0.26005939488824764,0.7399406051117523,0.8130725935664106,0.1869274064335894,0.45487596848807893,0.545124031511921,0.5792496007251059,0.05454545454545454
97,1.0,0.6249999999999999,0.3750000000000001,0.20059272125589633,0.7994072787441037,0.8086172755206554,0.19138272447934457,0.41685383293855216,0.5831461670614478,0.566026745862256,0.10909090909090909
98,1.0,0.4999999999999999,0.5000000000000001,0.14319038623486682,0.8568096137651332,0.7695987633756647,0.23040123662433531,0.3695373664890647,0.6304626335109353,0.44699337790804183,0.125
99,1.0,0.6874999999999999,0.3125000000000001,0.2017495761673662,0.7982504238326338,0.801980198019802,0.19801980198019797,0.5224060121188866,0.4775939878811134,0.6072057907716338,0.11363636363636365
100,1.0,0.125,0.875,0.017329737675778147,0.9826702623242218,0.5815306649148329,0.41846933508516715,0.14884333036616712,0.8511566696338329,0.11565532651209418,0.0
101,1.0,0.375,0.625,0.17269387771935074,0.8273061222806493,0.7264009123425432,0.2735990876574568,0.2944038540356458,0.7055961459643543,0.36769783255166827,0.07142857142857142
102,1.0,0.6249999999999999,0.3750000000000001,0.40989823869555125,0.5901017613044488,0.7845458458889366,0.2154541541110634,0.39348801751881174,0.6065119824811882,0.6855330728292214,0.13636363636363638
103,1.0,0.31249999999999994,0.6875,0.037625152162803065,0.962374847837197,0.6855142839124676,0.3144857160875324,0.3006977555867946,0.6993022444132053,0.26768274541645765,0.2
104,1.0,0.4374999999999999,0.5625000000000001,0.22450545171353942,0.7754945482864606,0.6893137589621032,0.31068624103789677,0.2741663982575509,0.7258336017424492,0.46791431956750346,0.0
105,1.0,0.6249999999999999,0.3750000000000001,0.35856189730170174,0.6414381026982983,0.7823931646896034,0.2176068353103966,0.4785085078272596,0.5214914921727404,0.6289012846852183,0.08181818181818182
106,1.0,0.5624999999999999,0.4375000000000001,0.17714217725742692,0.8228578227425731,0.7695987633756647,0.23040123662433531,0.43876108064625596,0.561238919353744,0.5081693338827977,0.16666666666666666
107,1.0,0.4374999999999999,0.5625000000000001,0.07708908381398252,0.9229109161860175,0.7487278608338921,0.2512721391661079,0.3272834118210294,0.6727165881789706,0.3940290734134875,0.16071428571428573
108,1.0,0.375,0.625,0.081432036750445,0.918567963249555,0.720422889746602,0.27957711025339804,0.3073460381134836,0.6926539618865164,0.3261500897907021,0.07142857142857142
109,1.0,0.31249999999999994,0.6875,0.09038239091600707,0.9096176090839929,0.6798512338543499,0.32014876614565013,0.21342623981147993,0.7865737601885201,0.28789326236768603,0.0
110,1.0,0.375,0.625,0.06673163418577716,0.9332683658142229,0.6594505508122778,0.34054944918772223,0.24392657825467565,0.7560734217453243,0.3406143418848028,0.2857142857142857
111,1.0,0.31249999999999994,0.6875,0.07833300563406645,0.9216669943659336,0.6969712375602131,0.30302876243978694,0.22499520068542575,0.7750047993145742,0.30034884420235036,0.1
112,1.0,0.5624999999999999,0.4375000000000001,0.25312026329666193,0.7468797367033381,0.7304124113198721,0.2695875886801279,0.3725409014653158,0.6274590985346842,0.5588854015951816,0.03333333333333334
113,1.0,0.31249999999999994,0.6875,0.158733202883726,0.841266797116274,0.6893137589621032,0.31068624103789677,0.1764220269847301,0.8235779730152699,0.34380516432001595,0.1
114,1.0,0.5624999999999999,0.4375000000000001,0.26066153210614507,0.7393384678938549,0.7570093457943925,0.2429906542056075,0.3276071884649476,0.6723928115350524,0.5643473893961419,0.1
115,1.0,0.375,0.625,0.18273415818345273,0.8172658418165473,0.6874115983026875,0.3125884016973125,0.17613725403187147,0.8238627459681285,0.36938051406425004,0.0
116,1.0,0.31249999999999994,0.6875,0.09127038209296778,0.9087296179070322,0.6649584556445595,0.33504154435544053,0.2179874036023017,0.7820125963976983,0.31075250544837046,0.1
117,1.0,0.5624999999999999,0.4375000000000001,0.06970244489905231,0.9302975551009477,0.6779731205059669,0.3220268794940331,0.3959327730938422,0.6040672269061578,0.4880697814747879,0.16666666666666666
118,1.0,0.4999999999999999,0.5000000000000001,0.13246294978961895,0.8675370502103811,0.7674864260619609,0.23251357393803906,0.37015256071839014,0.6298474392816098,0.45876030001726165,0.20833333333333334
119,1.0,0.375,0.625,0.13087983718764754,0.8691201628123525,0.7717167943209416,0.22828320567905835,0.32093112454071054,0.6790688754592895,0.34529627925330403,0.07142857142857142
120,1.0,0.31249999999999994,0.6875,0.08863174699109497,0.911368253008905,0.6705080344099983,0.3294919655900017,0.19566789377593066,0.8043321062240694,0.30716541867229413,0.1
121,1.0,0.31249999999999994,0.6875,0.1350379006921799,0.8649620993078201,0.6594505508122778,0.34054944918772223,0.1420951283882055,0.8579048716117945,0.3339506896254757,0.0
122,1.0,0.4999999999999999,0.5000000000000001,0.43704389762803114,0.5629561023719689,0.6874115983026875,0.3125884016973125,0.17328995008213044,0.8267100499178696,0.6526722698874047,0.0
123,1.0,0.18749999999999997,0.8125,0.04885015123793969,0.9511498487620603,0.5931012456084317,0.4068987543915683,0.15895968094043236,0.8410403190595677,0.18684224043243086,0.25
124,1.0,0.6249999999999999,0.3750000000000001,0.49384698313893166,0.5061530168610684,0.759093556414465,0.24090644358553504,0.18818276535534445,0.8118172346446555,0.7105970112574768,0.10909090909090909
125,1.0,0.4374999999999999,0.5625000000000001,0.21876184608710478,0.7812381539128952,0.7125245598489811,0.2874754401510189,0.18491213298677298,0.815087867013227,0.47552222620401535,0.16071428571428573
126,1.0,0.4374999999999999,0.5625000000000001,0.2863268938058514,0.7136731061941486,0.7425742574257426,0.25742574257425743,0.14382060680242575,0.8561793931975743,0.47411545377301245,0.05357142857142857
127,1.0,0.18749999999999997,0.8125,0.03670512589696194,0.963294874103038,0.5325148514851487,0.46748514851485135,0.06097194201565859,0.9390280579843414,0.2126316776504082,0.25
128,1.0,0.31249999999999994,0.6875,0.17344927487507783,0.8265507251249222,0.5637311099531007,0.4362688900468993,0.07873266228842757,0.9212673377115724,0.3974522779332211,0.2
129,1.0,0.24999999999999994,0.75,0.04214741940488757,0.9578525805951125,0.6855142839124676,0.3144857160875324,0.24191626414936998,0.75808373585063,0.22905430013804273,0.15000000000000002
130,1.0,0.24999999999999994,0.75,0.07616926867719157,0.9238307313228085,0.5463837376809275,0.4536162623190725,0.08459329905729365,0.9154067009427064,0.2954792717638014,0.0
131,1.0,0.18749999999999997,0.8125,0.06573438672652283,0.9342656132734771,0.5815306649148329,0.41846933508516715,0.09861234117848854,0.9013876588215115,0.1947941854416566,0.0
132,1.0,0.18749999999999997,0.8125,0.16933546710535408,0.8306645328946459,0.5669332466658155,0.43306675333418454,0.10072957459740225,0.8992704254025977,0.26750736319298035,0.0
133,1.0,0.4374999999999999,0.5625000000000001,0.1667131833412374,0.8332868166587626,0.6874115983026875,0.3125884016973125,0.16556472487777907,0.8344352751222209,0.4603033287801084,0.10714285714285714
134,1.0,0.31249999999999994,0.6875,0.12143038107358033,0.8785696189264197,0.5998003161660704,0.40019968383392956,0.0855009917769606,0.9144990082230394,0.34525487440717306,0.1
135,1.0,0.125,0.875,0.010375342579582697,0.9896246574204173,0.4769717935648986,0.5230282064351014,0.03937634650906519,0.9606236534909348,0.14921993055461594,0.5
136,1.0,0.5624999999999999,0.4375000000000001,0.49746943413992745,0.5025305658600725,0.7717167943209416,0.22828320567905835,0.22405501186590454,0.7759449881340954,0.7084868803493232,0.06666666666666668
137,1.0,0.31249999999999994,0.6875,0.13755903160289257,0.8624409683971075,0.568539952586808,0.431460047413192,0.06157237546138409,0.938427624538616,0.38875003280437825,0.1
138,1.0,0.24999999999999994,0.75,0.03933376498682525,0.9606662350131747,0.457656445256176,0.542343554743824,0.043427418838250444,0.9565725811617496,0.29480550135239647,0.15000000000000002
139,1.0,0.24999999999999994,0.75,0.09835063161321828,0.9016493683867817,0.6168328862047808,0.38316711379521917,0.19689431876925484,0.8031056812307451,0.2696707803686403,0.30000000000000004
140,1.0,0.062499999999999986,0.9375,0.005044789490923654,0.9949552105090763,0.43105377063577544,0.5689462293642246,0.03193350936991227,0.9680664906300878,0.07622740519323969,0.0
141,1.0,0.24999999999999994,0.75,0.08048252856545163,0.9195174714345484,0.5864658998599029,0.41353410014009706,0.09245505279352514,0.9075449472064748,0.28238710464251127,0.15000000000000002
142,1.0,0.375,0.625,0.21472461801094994,0.7852753819890501,0.6649584556445595,0.33504154435544053,0.1350911023671696,0.8649088976328304,0.4416572234299021,0.07142857142857142
143,1.0,0.18749999999999997,0.8125,0.02399698912353463,0.9760030108764653,0.5144608034647884,0.4855391965352116,0.06976253093560449,0.9302374690643955,0.20185837942868043,0.0
144,1.0,0.4374999999999999,0.5625000000000001,0.23918063534787043,0.7608193646521295,0.6969712375602131,0.30302876243978694,0.1744219551847748,0.8255780448152252,0.4858451239829832,0.05357142857142857
145,1.0,0.4999999999999999,0.5000000000000001,0.34210486072193685,0.6578951392780632,0.7738405419489318,0.22615945805106819,0.32805237466424786,0.6719476253357521,0.520160005343008,0.041666666666666664
146,1.0,0.375,0.625,0.3486196864257597,0.6513803135742403,0.695049504950495,0.304950495049505,0.1505648736524142,0.8494351263475858,0.48697894376422207,0.0
147,1.0,0.18749999999999997,0.8125,0.038203564491869235,0.9617964355081308,0.59644275804826,0.40355724195174003,0.17547806332198404,0.824521936678016,0.1836018517786272,0.0
148,1.0,0.0,1.0,0.0,1.0,0.3774977497749776,0.6225022502250224,0.0208236406576572,0.9791763593423428,0.018308661870797067,0.0
149,1.0,0.4999999999999999,0.5000000000000001,0.3386689520617131,0.6613310479382869,0.7717167943209416,0.22828320567905835,0.2790567634137725,0.7209432365862275,0.5149140460714943,0.125
150,1.0,0.18749999999999997,0.8125,0.06497190563712092,0.935028094362879,0.5070816498690227,0.4929183501309773,0.05047697771325576,0.9495230222867442,0.24008785450754835,0.0
151,1.0,0.062499999999999986,0.9375,0.007133009031044838,0.9928669909689551,0.4389158363232709,0.5610841636767291,0.03017454578649336,0.9698254542135066,0.08095298362526088,0.0
152,1.0,0.125,0.875,0.009040664224905367,0.9909593357750947,0.3883186483785993,0.6116813516214007,0.031092381051158913,0.968907618948841,0.15560318626357722,0.0
153,1.0,0.18749999999999997,0.8125,0.14817933950483742,0.8518206604951626,0.49400556037845755,0.5059944396215424,0.0654107291364042,0.9345892708635958,0.2754693152948902,0.0
154,1.0,0.4374999999999999,0.5625000000000001,0.2139988904401366,0.7860011095598634,0.7632787407427071,0.23672125925729293,0.24781736771832044,0.7521826322816796,0.4253861963572105,0.05357142857142857
155,1.0,0.18749999999999997,0.8125,0.0431409645743355,0.9568590354256645,0.57989337395278,0.42010662604722004,0.11538696326904221,0.8846130367309578,0.21086244430484846,0.25
156,1.0,0.4374999999999999,0.5625000000000001,0.20033493551502132,0.7996650644849786,0.6539838522505617,0.34601614774943834,0.16622227557926558,0.8337777244207344,0.47758090943804604,0.05357142857142857
157,1.0,0.24999999999999994,0.75,0.08826172001905826,0.9117382799809417,0.6133933393339335,0.3866066606660665,0.13286897671960812,0.8671310232803919,0.2712183306018906,0.15000000000000002
158,1.0,0.4374999999999999,0.5625000000000001,0.2100260653325867,0.7899739346674133,0.6760997618749218,0.3239002381250782,0.15235437899495194,0.847645621005048,0.4926190240096346,0.0
159,1.0,0.4999999999999999,0.5000000000000001,0.25891554059616156,0.7410844594038384,0.6742311399281522,0.3257688600718478,0.22966638447497895,0.7703336155250211,0.543790585951164,0.08333333333333333
160,1.0,0.062499999999999986,0.9375,0.012111841027238644,0.9878881589727614,0.5309914553099147,0.46900854469008535,0.07161959467901882,0.9283804053209812,0.08004114571836343,0.0
161,1.0,0.062499999999999986,0.9375,0.005396061395370896,0.9946039386046291,0.34731425898495366,0.6526857410150464,0.01585162452011375,0.9841483754798862,0.11118128146791868,0.0
162,1.0,0.24999999999999994,0.75,0.10722504306318,0.89277495693682,0.5463837376809275,0.4536162623190725,0.08964717810755707,0.9103528218924429,0.32320084650362974,0.0
163,1.0,0.18749999999999997,0.8125,0.20164234350925533,0.7983576564907446,0.5448285312960363,0.45517146870396374,0.06728587799732993,0.93271412200267,0.26667074519306205,0.0
164,1.0,0.375,0.625,0.3183103569035176,0.6816896430964824,0.47557250254565936,0.5244274974543406,0.043721092670481444,0.9562789073295186,0.633534407169406,0.21428571428571427
165,1.0,0.18749999999999997,0.8125,0.09299487939168503,0.907005120608315,0.45359310124560853,0.5464068987543915,0.026147994714775663,0.9738520052852243,0.2551145257335878,0.0
166,1.0,0.18749999999999997,0.8125,0.06547552185276878,0.9345244781472313,0.3622103985074479,0.6377896014925521,0.019007035581019793,0.9809929644189802,0.31914099257422335,0.0
167,1.0,0.5624999999999999,0.4375000000000001,0.5214651221499115,0.4785348778500885,0.7888688051366446,0.2111311948633554,0.18638436236219572,0.8136156376378043,0.6380937738819173,0.03333333333333334
168,1.0,0.18749999999999997,0.8125,0.2012778247327058,0.7987221752672942,0.4700058241118229,0.5299941758881771,0.05978472648034247,0.9402152735196575,0.324878840079519,0.0
169,1.0,0.18749999999999997,0.8125,0.07123005787479361,0.9287699421252064,0.46448744657546004,0.53551255342454,0.03348011986516905,0.9665198801348309,0.2646033840225423,0.25
170,1.0,0.125,0.875,0.06696220176781788,0.9330377982321821,0.5085508550855086,0.49144914491449143,0.05758938113807902,0.942410618861921,0.16403656723824742,0.0
171,1.0,0.18749999999999997,0.8125,0.16130531012379468,0.8386946898762053,0.4093093956698576,0.5906906043301424,0.023366354106477832,0.9766336458935222,0.3461567877177665,0.0
172,1.0,0.24999999999999994,0.75,0.23986443762546852,0.7601355623745315,0.5653303035221555,0.4346696964778445,0.10558572565528436,0.8944142743447157,0.3644842581128742,0.0
173,1.0,0.24999999999999994,0.75,0.23732827639037313,0.7626717236096269,0.6449630093120836,0.3550369906879164,0.1533043940109917,0.8466956059890083,0.3377426990991044,0.15000000000000002
174,1.0,0.31249999999999994,0.6875,0.3609974824688973,0.6390025175311027,0.6272525661378867,0.3727474338621133,0.13039572314231626,0.8696042768576837,0.40768319535065917,0.1
175,1.0,0.4374999999999999,0.5625000000000001,0.6457439106344953,0.3542560893655047,0.7466712188460225,0.2533287811539775,0.19198110965211576,0.8080188903478842,0.5616845782778153,0.10714285714285714
176,1.0,0.31249999999999994,0.6875,0.2921517980976066,0.7078482019023934,0.6082651743435213,0.39173482565647866,0.10810604632386318,0.8918939536761368,0.4077030706805985,0.0
177,1.0,0.24999999999999994,0.75,0.0861706841850672,0.9138293158149328,0.5864658998599029,0.41353410014009706,0.06558387089358253,0.9344161291064175,0.2911899091909032,0.15000000000000002
178,1.0,0.5624999999999999,0.4375000000000001,0.5107134675333379,0.4892865324666621,0.6705080344099983,0.3294919655900017,0.14109133286406772,0.8589086671359323,0.7438212089983552,0.1
179,1.0,0.18749999999999997,0.8125,0.42737768015225863,0.5726223198477414,0.4093093956698576,0.5906906043301424,0.028817016245737587,0.9711829837542624,0.34504029369023154,0.0
180,1.0,0.31249999999999994,0.6875,0.2344015523582013,0.7655984476417987,0.5309914553099147,0.46900854469008535,0.04637956664501528,0.9536204333549847,0.4478892158704789,0.0
181,1.0,0.18749999999999997,0.8125,0.053292992192639534,0.9467070078073605,0.42715997915581033,0.5728400208441897,0.02980691507268739,0.9701930849273126,0.29691592890177076,0.25
182,1.0,0.24999999999999994,0.75,0.1356849205173066,0.8643150794826934,0.6048669927233687,0.39513300727663125,0.11482728859775207,0.885172711402248,0.2943254415459687,0.0
183,1.0,0.18749999999999997,0.8125,0.06317056755437676,0.9368294324456232,0.4727830861688789,0.5272169138311211,0.02805283214287185,0.9719471678571282,0.2632648488965496,0.0
184,1.0,0.375,0.625,0.3295798011482788,0.6704201988517212,0.5766303903117586,0.42336960968824144,0.055118463302612844,0.9448815366973872,0.5202719815784571,0.0
185,1.0,0.31249999999999994,0.6875,0.28209843601547235,0.7179015639845276,0.5815306649148329,0.41846933508516715,0.07707209226916927,0.9229279077308308,0.46264020818700896,0.0
186,1.0,0.18749999999999997,0.8125,0.08224482595233784,0.9177551740476622,0.46037998394434054,0.5396200160556595,0.03737368579739642,0.9626263142026036,0.26679727856242835,0.0
187,1.0,0.125,0.875,0.0527255054493253,0.9472744945506747,0.5114991814142044,0.48850081858579564,0.038897370229986086,0.9611026297700139,0.16144370984703418,0.0
188,1.0,0.18749999999999997,0.8125,0.0550571198893034,0.9449428801106966,0.4769717935648986,0.5230282064351014,0.03649473551447122,0.9635052644855288,0.2492766925728174,0.0
189,1.0,0.375,0.625,0.20311543775358296,0.796884562246417,0.6082651743435213,0.39173482565647866,0.0764504183043756,0.9235495816956244,0.47655748199193254,0.2857142857142857
190,1.0,0.0,1.0,0.0,1.0,0.0,1.0,8.242091634028798e-18,1.0,0.1103857168514911,0.0
191,1.0,0.125,0.875,0.03479785777871881,0.9652021422212812,0.47417627008602503,0.525823729913975,0.10587082360255437,0.8941291763974456,0.18619456693334013,0.0
192,1.0,0.125,0.875,0.028236510560335038,0.971763489439665,0.5012376237623762,0.49876237623762376,0.09315252763668756,0.9068474723633124,0.16436731119583783,0.0
193,1.0,0.125,0.875,0.02132874782859317,0.9786712521714068,0.5234263494453874,0.47657365055461265,0.10888783456979556,0.8911121654302044,0.12760557853813195,0.0
194,1.0,0.24999999999999994,0.75,0.10321952096485171,0.8967804790351483,0.5448285312960363,0.45517146870396374,0.13848190649706377,0.8615180935029363,0.2887724716852618,0.0
195,1.0,0.062499999999999986,0.9375,0.0052993977352399245,0.9947006022647601,0.4168957605572665,0.5831042394427335,0.06610606412792103,0.933893935872079,0.07310917602027421,0.0
196,1.0,0.125,0.875,0.03224037268682099,0.967759627313179,0.5448285312960363,0.45517146870396374,0.07108626761989532,0.9289137323801047,0.14886360570275567,0.0
197,1.0,0.125,0.875,0.14676957942026825,0.8532304205797318,0.4415588523708601,0.5584411476291399,0.07963225423606353,0.9203677457639364,0.23983221658878512,0.0
198,1.0,0.062499999999999986,0.9375,0.01115074879756006,0.9888492512024399,0.5294715332422638,0.4705284667577362,0.0861864536911034,0.9138135463088966,0.06394032484489982,0.0
199,1.0,0.125,0.875,0.2753772852999081,0.7246227147000919,0.16464494131532356,0.8353550586846764,0.0025209342574135383,0.9974790657425865,0.44932533232268157,0.0
200,1.0,0.0,1.0,0.0,1.0,0.39441649082941077,0.6055835091705892,0.03788323611500418,0.9621167638849958,0.011536141695983406,0.0
201,1.0,0.0,1.0,0.0,1.0,0.46448744657546004,0.53551255342454,0.07184965767275937,0.9281503423272406,0.004012501029557149,0.0
202,1.0,0.0,1.0,0.0,1.0,0.3692165605728075,0.6307834394271925,0.03055728226302473,0.9694427177369753,0.006056805139772146,0.0
203,1.0,0.0,1.0,0.0,1.0,0.4415588523708601,0.5584411476291399,0.07453369905841174,0.9254663009415882,0.0011209431300011178,0.0
204,1.0,0.0,1.0,0.0,1.0,0.2673267326732673,0.7326732673267327,0.007007619513023936,0.992992380486976,0.030767857673002698,0.0
205,1.0,0.0,1.0,0.0,1.0,0.32949574027170164,0.6705042597282984,0.016051853779715672,0.9839481462202844,0.020918527720275113,0.0
206,1.0,0.0,1.0,0.0,1.0,0.32949574027170164,0.6705042597282984,0.016051853779715672,0.9839481462202844,0.020918527720275113,0.0
207,1.0,0.0,1.0,0.0,1.0,0.21428017475376782,0.7857198252462322,0.005911480995299833,0.9940885190047002,0.03268924660345669,0.0
208,1.0,0.0,1.0,0.0,1.0,0.39319192922362856,0.6068080707763714,0.06796778366125748,0.9320322163387426,0.001074274978893107,0.0
209,1.0,0.0,1.0,0.0,1.0,0.38468968848104323,0.6153103115189568,0.023729623808289413,0.9762703761917106,0.013222082324847645,0.0
210,1.0,0.0,1.0,0.0,1.0,0.4997847610848041,0.5002152389151959,0.06316840294908208,0.9368315970509179,0.0036773483965979186,0.0
211,1.0,0.0,1.0,0.0,1.0,0.39196987183380905,0.608030128166191,0.05036218171274793,0.949637818287252,0.003650152070373885,0.0
212,1.0,0.0,1.0,0.0,1.0,0.4168957605572665,0.5831042394427335,0.06320976395305582,0.9367902360469442,0.002328047779941504,0.0
213,1.0,0.0,1.0,0.0,1.0,0.257623402993657,0.742376597006343,0.009687828634285934,0.990312171365714,0.030759427628417883,0.0
214,1.0,0.0,1.0,0.0,1.0,0.4389158363232709,0.5610841636767291,0.08958032359827815,0.9104196764017218,0.00027252267360612913,0.0
215,1.0,0.0,1.0,0.0,1.0,0.38468968848104323,0.6153103115189568,0.03674991287433271,0.9632500871256673,0.010086666604439338,0.0
216,1.0,0.0,1.0,0.0,1.0,0.3774977497749776,0.6225022502250224,0.020823640657657193,0.9791763593423428,0.018308661870797067,0.0
217,1.0,0.0,1.0,0.0,1.0,0.38468968848104323,0.6153103115189568,0.03674991287433271,0.9632500871256673,0.010086666604439338,0.0
218,1.0,0.0,1.0,0.0,1.0,0.30482849232790576,0.6951715076720942,0.014173262267016953,0.985826737732983,0.02621336259608494,0.0
219,1.0,0.0,1.0,0.0,1.0,0.38589688063414695,0.614103119365853,0.03955142996242947,0.9604485700375706,0.005242680436398914,0.0
220,1.0,0.0,1.0,0.0,1.0,0.3305931951100056,0.6694068048899944,0.025533983708900095,0.9744660162910999,0.010480630172185578,0.0
221,1.0,0.0,1.0,0.0,1.0,0.2643971246439713,0.7356028753560286,0.004944034146536812,0.9950559658534632,0.02585308625052686,0.0
222,1.0,0.0,1.0,0.0,1.0,0.25666274696372626,0.7433372530362737,0.007163708877428756,0.9928362911225712,0.021532900887069047,0.0
223,1.0,0.0,1.0,0.0,1.0,0.3622103985074479,0.6377896014925521,0.04800056501928412,0.9519994349807159,0.004648797325604256,0.0
224,1.0,0.0,1.0,0.0,1.0,0.46862172615520536,0.5313782738447946,0.06238846010044695,0.937611539899553,0.00750815447795464,0.0
225,1.0,0.0,1.0,0.0,1.0,0.3006479118166774,0.6993520881833226,0.02072361133770741,0.9792763886622926,0.013263240714195036,0.0
226,1.0,0.0,1.0,0.0,1.0,0.39810527815371466,0.6018947218462853,0.038148623153560476,0.9618513768464395,0.005020585273112771,0.0
227,1.0,0.0,1.0,0.0,1.0,0.34731425898495366,0.6526857410150464,0.04099168105356732,0.9590083189464327,0.003964174503636195,0.0
228,1.0,0.0,1.0,0.0,1.0,0.33389837038178527,0.6661016296182147,0.013915754310962572,0.9860842456890374,0.021810360230233073,0.0
229,1.0,0.0,1.0,0.0,1.0,0.20291065251103418,0.7970893474889658,0.003872710253401634,0.9961272897465984,0.03960638078659109,0.0
230,1.0,0.0,1.0,0.0,1.0,0.3218727070012103,0.6781272929987897,0.021351095431518616,0.9786489045684814,0.01063525757073354,0.0
231,1.0,0.0,1.0,0.0,1.0,0.2585858040844957,0.7414141959155043,0.009231362768175048,0.990768637231825,0.0309973317818096,0.0
232,1.0,0.0,1.0,0.0,1.0,0.23688383073182767,0.7631161692681723,0.004122600055192133,0.9958773999448078,0.028678133761503473,0.0
233,1.0,0.0,1.0,0.0,1.0,0.38468968848104323,0.6153103115189568,0.023729623808289413,0.9762703761917106,0.013222082324847645,0.0
234,1.0,0.0,1.0,0.0,1.0,0.43235718920729277,0.5676428107927072,0.05925982413914383,0.9407401758608561,0.00243741443121185,0.0
235,1.0,0.0,1.0,0.0,1.0,0.3993399339933995,0.6006600660066005,0.06434222595598599,0.935657774044014,0.0010096805058437625,0.0
236,1.0,0.0,1.0,0.0,1.0,0.4284551742845518,0.5715448257154482,0.0764726591119785,0.9235273408880215,0.0,0.0
237,1.0,0.0,1.0,0.0,1.0,0.38348494747951967,0.6165150525204803,0.044741623033930734,0.9552583769660693,0.005710573884225048,0.0
238,1.0,0.0,1.0,0.0,1.0,0.19946334256067116,0.8005366574393289,0.005382651034178017,0.994617348965822,0.04318877062019755,0.0
239,1.0,0.0,1.0,0.0,1.0,0.46448744657546004,0.53551255342454,0.07184965767275937,0.9281503423272406,0.004012501029557149,0.0
240,1.0,0.0,1.0,0.0,1.0,0.18174614428586913,0.8182538557141309,0.007248268235782637,0.9927517317642174,0.05102933406022551,0.0
241,1.0,0.0,1.0,0.0,1.0,0.3186370460462553,0.6813629539537447,0.015214594555483393,0.9847854054445166,0.016253000393096354,0.0
242,1.0,0.0,1.0,0.0,1.0,0.39441649082941077,0.6055835091705892,0.037883236115004174,0.9621167638849958,0.011536141695983406,0.0
243,1.0,0.0,1.0,0.0,1.0,0.3541417508087442,0.6458582491912558,0.03478093716539859,0.9652190628346015,0.005592536176690882,0.0
244,1.0,0.0,1.0,0.0,1.0,0.20291065251103418,0.7970893474889658,0.0038727102534016357,0.9961272897465984,0.03960638078659109,0.0
245,1.0,0.0,1.0,0.0,1.0,0.4068015497201894,0.5931984502798107,0.07104133888087501,0.928958661119125,0.000611309593666121,0.0
246,1.0,0.0,1.0,0.0,1.0,0.16145475933731981,0.8385452406626802,0.0019594165239988043,0.9980405834760012,0.04771033449331195,0.0
247,1.0,0.0,1.0,0.0,1.0,0.46862172615520536,0.5313782738447946,0.062388460100446935,0.937611539899553,0.00750815447795464,0.0
248,1.0,0.0,1.0,0.0,1.0,0.3164902697166268,0.6835097302833733,0.0230446091737996,0.9769553908262004,0.018015158658050714,0.0
249,1.0,0.0,1.0,0.0,1.0,0.0,1.0,0.0,1.0,0.1103857168514911,0.0
