"node_id","weight","deg_centrality","r_degree","betweenness","r_betweenness","closeness","r_closeness","eigenvector","r_eigenvector","pagerank","ccf"
0,1.0,0.7777777777777777,0.22222222222222232,0.5463770010030528,0.45362299899694725,0.9728308241254864,0.027169175874513618,0.7561545917018518,0.24384540829814816,0.7431458290972445,0.2
1,1.0,0.611111111111111,0.38888888888888895,0.5370333048054479,0.46296669519455214,0.8576411181870238,0.14235888181297618,0.49615889966374355,0.5038411003362564,0.6627433473866737,0.18181818181818182
2,1.0,0.4999999999999999,0.5000000000000001,0.3730887829128903,0.6269112170871096,0.8165024255329233,0.1834975744670767,0.39538497152191077,0.6046150284780892,0.5535623901205682,0.06666666666666668
3,1.0,0.7222222222222221,0.2777777777777779,0.405945394412988,0.594054605587012,0.905850009818448,0.09414999018155201,0.7554573044089256,0.24454269559107444,0.6958214918323162,0.23076923076923078
4,1.0,0.27777777777777773,0.7222222222222223,0.047106144617766965,0.952893855382233,0.725951945460592,0.27404805453940795,0.34759152122150555,0.6524084787784945,0.2615655754436217,0.4
5,1.0,0.4999999999999999,0.5000000000000001,0.19535584413081813,0.8046441558691819,0.841398995071589,0.158601004928411,0.5495065720904284,0.4504934279095716,0.4765598768691488,0.13333333333333336
6,1.0,0.3333333333333333,0.6666666666666667,0.11646829095168659,0.8835317090483135,0.7440642379028215,0.2559357620971785,0.36008414186896986,0.6399158581310301,0.32297803780244405,0.14285714285714285
7,1.0,1.0,0.0,0.8323141288120368,0.1676858711879632,1.0,0.0,1.0,0.0,1.0,0.19298245614035087
8,1.0,0.3888888888888888,0.6111111111111112,0.10997880663988674,0.8900211933601132,0.7584481520177615,0.2415518479822385,0.4224272236469327,0.5775727763530674,0.36885373058351073,0.21428571428571427
9,1.0,0.3333333333333333,0.6666666666666667,0.03552370618279814,0.9644762938172019,0.7160699364243208,0.2839300635756792,0.41283165957065243,0.5871683404293475,0.3040536108072578,0.5714285714285714
10,1.0,0.611111111111111,0.38888888888888895,0.14076650644622993,0.8592334935537701,0.78802579846859,0.21197420153141,0.6433383117799326,0.3566616882200674,0.5671796844836509,0.31818181818181823
11,1.0,0.3333333333333333,0.6666666666666667,0.06355995484015917,0.9364400451598408,0.7563771060019628,0.24362289399803716,0.3942639508410693,0.6057360491589308,0.310397496966875,0.42857142857142855
12,1.0,0.3888888888888888,0.6111111111111112,0.15545074719325372,0.8445492528067463,0.8098416091271979,0.19015839087280206,0.4090066764063684,0.5909933235936315,0.3622760333229196,0.10714285714285714
13,1.0,0.5555555555555555,0.44444444444444453,0.3657251259973061,0.6342748740026939,0.8120558397056092,0.18794416029439076,0.535438381022575,0.464561618977425,0.59517103257841,0.27272727272727276
14,1.0,0.44444444444444436,0.5555555555555556,0.23834231890841415,0.7616576810915858,0.8277257791835955,0.17227422081640453,0.4609138956754334,0.5390861043245666,0.43461552724953056,0.25
15,1.0,0.611111111111111,0.38888888888888895,0.4149436223741193,0.5850563776258807,0.8765973726050378,0.12340262739496222,0.6142964940865558,0.38570350591344416,0.6387178546224356,0.2272727272727273
16,1.0,0.8333333333333331,0.16666666666666685,0.7998400246304017,0.2001599753695983,0.9595485638129457,0.04045143618705427,0.789683504297911,0.210316495702089,0.8121768401969739,0.225
17,1.0,0.611111111111111,0.38888888888888895,0.32476453843428327,0.6752354615657168,0.8010445308832405,0.19895546911675954,0.6074013043367913,0.3925986956632087,0.6012375720947298,0.36363636363636365
18,1.0,0.27777777777777773,0.7222222222222223,0.03802708721271036,0.9619729127872897,0.7141086988253063,0.28589130117469375,0.392510990254143,0.607489009745857,0.2610066020492707,0.6000000000000001
19,1.0,0.6666666666666665,0.3333333333333335,0.3318889509276804,0.6681110490723197,0.9033737628704258,0.09662623712957419,0.6937546623998067,0.30624533760019335,0.628346595986032,0.3461538461538462
20,1.0,0.7222222222222221,0.2777777777777779,0.49702462331107283,0.5029753766889271,0.8576411181870238,0.14235888181297618,0.6944856034949277,0.3055143965050723,0.75042352241555,0.2967032967032967
21,1.0,0.611111111111111,0.38888888888888895,0.2769137235077216,0.7230862764922784,0.8862372886141984,0.11376271138580163,0.6936096321885377,0.30639036781146234,0.584651592887069,0.2272727272727273
22,1.0,0.7222222222222221,0.2777777777777779,0.4145344180768378,0.5854655819231622,0.8506414288380322,0.14935857116196782,0.7560819607736047,0.24391803922639532,0.7315823625710145,0.2637362637362638
23,1.0,0.6666666666666665,0.3333333333333335,0.35804473146044424,0.6419552685395558,0.8599874192853318,0.14001258071466816,0.7010753959034544,0.29892460409654564,0.6396242350626188,0.15384615384615385
24,1.0,0.44444444444444436,0.5555555555555556,0.08660709792195727,0.9133929020780427,0.7688856753159251,0.2311143246840749,0.5799726331611919,0.42002736683880815,0.4080052618978159,0.25
25,1.0,0.7222222222222221,0.2777777777777779,0.4056065684334948,0.5943934315665051,0.8694387166672489,0.13056128333275108,0.7041624743193664,0.2958375256806336,0.6895840503552703,0.1318681318681319
26,1.0,0.4999999999999999,0.5000000000000001,0.180780599744411,0.819219400255589,0.7988601011978314,0.20113989880216865,0.5203004445032214,0.47969955549677856,0.4822982768426575,0.4666666666666667
27,1.0,0.6666666666666665,0.3333333333333335,0.3758950428066419,0.6241049571933581,0.8959875327035784,0.10401246729642155,0.6580379037185669,0.34196209628143315,0.636392131526241,0.1923076923076923
28,1.0,0.3333333333333333,0.6666666666666667,0.20261737010833505,0.797382629891665,0.6947687169461362,0.3052312830538638,0.3466117004236034,0.6533882995763967,0.37220901917157506,0.42857142857142855
29,1.0,0.7222222222222221,0.2777777777777779,0.5724263963983377,0.4275736036016623,0.9083333929248217,0.09166660707517826,0.7747733424455335,0.22522665755446647,0.7092103869576828,0.19780219780219782
30,1.0,0.7777777777777777,0.22222222222222232,0.3601438720928503,0.6398561279071497,0.9083333929248217,0.09166660707517826,0.8137988201418349,0.1862011798581651,0.7309121621528551,0.2285714285714286
31,1.0,0.7222222222222221,0.2777777777777779,0.5076800014064027,0.4923199985935973,0.8277257791835955,0.17227422081640453,0.5971379212882234,0.4028620787117766,0.7725514095093732,0.19780219780219782
32,1.0,0.5555555555555555,0.44444444444444453,0.30137620993360853,0.6986237900663914,0.7773357607557168,0.22266423924428325,0.5259644492119107,0.47403555078808934,0.5821766370670903,0.32727272727272727
33,1.0,0.5555555555555555,0.44444444444444453,0.37910120583926255,0.6208987941607375,0.852968150309222,0.14703184969077798,0.5142300483833244,0.4857699516166756,0.5410728529634319,0.27272727272727276
34,1.0,0.44444444444444436,0.5555555555555556,0.10628685897709053,0.8937131410229094,0.7646941203850907,0.23530587961490934,0.5103306510055625,0.4896693489944375,0.41043416937003546,0.4166666666666667
35,1.0,0.3888888888888888,0.6111111111111112,0.11571410630115003,0.88428589369885,0.7563771060019628,0.24362289399803716,0.44355807556636057,0.5564419244336394,0.3731544613651146,0.21428571428571427
36,1.0,0.16666666666666663,0.8333333333333334,0.010963957369710635,0.9890360426302893,0.5389055470157285,0.46109445298427154,0.20040839081980288,0.7995916091801971,0.1592257203408093,0.0
37,1.0,0.3888888888888888,0.6111111111111112,0.21920968141193065,0.7807903185880694,0.6871687843684925,0.3128312156315075,0.40678509669340523,0.5932149033065948,0.42352113987352724,0.10714285714285714
38,1.0,0.44444444444444436,0.5555555555555556,0.17611568470079852,0.8238843152992015,0.7752148117839607,0.22478518821603932,0.4010360150879189,0.5989639849120811,0.42951213010046946,0.08333333333333333
39,1.0,0.3888888888888888,0.6111111111111112,0.172527567738672,0.827472432261328,0.7563771060019628,0.24362289399803716,0.33521491486514526,0.6647850851348547,0.39058090536704526,0.10714285714285714
40,1.0,0.27777777777777773,0.7222222222222223,0.08741305617261709,0.9125869438273829,0.729940497944999,0.27005950205500096,0.3195820279926187,0.6804179720073813,0.27388964668417787,0.2
41,1.0,0.4999999999999999,0.5000000000000001,0.43552269189468595,0.564477308105314,0.8935395249911378,0.10646047500886224,0.5765061093849833,0.42349389061501674,0.4979660034519703,0.2666666666666667
42,1.0,0.5555555555555555,0.44444444444444453,0.11388018846471427,0.8861198115352857,0.7966815594630567,0.20331844053694326,0.6916281342526597,0.3083718657473403,0.5102107152988381,0.3818181818181818
43,1.0,0.7222222222222221,0.2777777777777779,0.3489895262622781,0.6510104737377219,0.8765973726050378,0.12340262739496222,0.6706679362256998,0.32933206377430024,0.690618631741297,0.23076923076923078
44,1.0,0.44444444444444436,0.5555555555555556,0.17442849513731076,0.8255715048626893,0.7709897914184727,0.22901020858152732,0.44934854603747904,0.5506514539625209,0.43366136852936643,0.16666666666666666
45,1.0,0.4999999999999999,0.5000000000000001,0.3895509434086863,0.6104490565913137,0.8391043659414693,0.1608956340585307,0.46230249216269487,0.5376975078373052,0.5504858039463947,0.06666666666666668
46,1.0,0.611111111111111,0.38888888888888895,0.453050308315056,0.546949691684944,0.841398995071589,0.158601004928411,0.481507820312496,0.5184921796875039,0.6481068588971896,0.09090909090909091
47,1.0,0.611111111111111,0.38888888888888895,0.31712097121237554,0.6828790287876245,0.8935395249911378,0.10646047500886224,0.6323637943632945,0.3676362056367055,0.5870897184990836,0.27272727272727276
48,1.0,0.44444444444444436,0.5555555555555556,0.6016055062151249,0.3983944937848751,0.7279436484431281,0.2720563515568719,0.3583897022027855,0.6416102977972145,0.548968946932774,0.08333333333333333
49,1.0,0.44444444444444436,0.5555555555555556,0.21230246864302224,0.7876975313569777,0.7794623655913978,0.2205376344086022,0.48965826472300844,0.5103417352769916,0.43008836804589023,0.4166666666666667
50,1.0,0.611111111111111,0.38888888888888895,0.1682505635463247,0.8317494364536753,0.8368160755658526,0.16318392443414742,0.7009598091270235,0.2990401908729765,0.5714675190774383,0.2272727272727273
51,1.0,0.4999999999999999,0.5000000000000001,0.11244830614202618,0.8875516938579738,0.8322584063053271,0.1677415936946729,0.6163080789071474,0.38369192109285255,0.45997986567183907,0.5333333333333334
52,1.0,0.611111111111111,0.38888888888888895,0.2774975567720479,0.7225024432279521,0.8814036569698889,0.11859634303011113,0.649483975824274,0.350516024175726,0.5782613233055902,0.31818181818181823
53,1.0,0.3333333333333333,0.6666666666666667,0.09071950812144546,0.9092804918785545,0.7688856753159251,0.2311143246840749,0.4508662479268928,0.5491337520731072,0.30669543742601696,0.14285714285714285
54,1.0,0.3333333333333333,0.6666666666666667,0.09666868576818252,0.9033313142318175,0.681518771914024,0.318481228085976,0.31802090611271466,0.6819790938872854,0.3256506036915613,0.14285714285714285
55,1.0,0.44444444444444436,0.5555555555555556,0.10567915867904248,0.8943208413209576,0.7102012330986985,0.28979876690130146,0.39059243939952903,0.609407560600471,0.4295581554905416,0.3333333333333333
56,1.0,0.6666666666666665,0.3333333333333335,0.2849517665600831,0.7150482334399169,0.8814036569698889,0.11859634303011113,0.7198126417142778,0.28018735828572217,0.6177683246411803,0.23076923076923078
57,1.0,0.44444444444444436,0.5555555555555556,0.32429910343700014,0.6757008965629998,0.7752148117839607,0.22478518821603932,0.38630440797465465,0.6136955920253453,0.4603115097680742,0.25
58,1.0,0.3888888888888888,0.6111111111111112,0.06689955851098875,0.9331004414890113,0.725951945460592,0.27404805453940795,0.44402811414052196,0.555971885859478,0.3650836615765581,0.42857142857142855
59,1.0,0.611111111111111,0.38888888888888895,0.17542473853093205,0.824575261469068,0.8232179883748596,0.1767820116251404,0.6443140765954942,0.3556859234045058,0.5703438349080053,0.2272727272727273
60,1.0,0.611111111111111,0.38888888888888895,0.12176660865155828,0.8782333913484417,0.8232179883748596,0.1767820116251404,0.696903149345686,0.303096850654314,0.5628488958783818,0.36363636363636365
61,1.0,0.44444444444444436,0.5555555555555556,0.2712400063631615,0.7287599936368385,0.7522513000465056,0.24774869995349436,0.4245492593025861,0.5754507406974139,0.4825662041791538,0.3333333333333333
62,1.0,0.44444444444444436,0.5555555555555556,0.16348741153362117,0.8365125884663789,0.7584481520177615,0.2415518479822385,0.47733296658131874,0.5226670334186813,0.42972753264311353,0.3333333333333333
63,1.0,0.6666666666666665,0.3333333333333335,1.0,0.0,0.9674941663307605,0.03250583366923954,0.6968492090901984,0.30315079090980157,0.6748902805512103,0.2692307692307693
64,1.0,0.44444444444444436,0.5555555555555556,0.17756241851826288,0.8224375814817371,0.7752148117839607,0.22478518821603932,0.4743341188956995,0.5256658811043005,0.4333045603877343,0.25
65,1.0,0.3333333333333333,0.6666666666666667,0.051095085668375964,0.948904914331624,0.6928615459714185,0.30713845402858153,0.3661810101150404,0.6338189898849595,0.3146566881142927,0.14285714285714285
66,1.0,0.5555555555555555,0.44444444444444453,0.37019221513773776,0.6298077848622623,0.8599874192853318,0.14001258071466816,0.5948174844718902,0.4051825155281098,0.5652155637261611,0.21818181818181817
67,1.0,0.7222222222222221,0.2777777777777779,0.35983049092375485,0.6401695090762451,0.841398995071589,0.158601004928411,0.7748225186485679,0.22517748135143212,0.7233447451272468,0.2967032967032967
68,1.0,0.27777777777777773,0.7222222222222223,0.09284412029073401,0.907155879709266,0.6928615459714185,0.30713845402858153,0.3220040495105277,0.6779959504894724,0.2719092999299869,0.2
69,1.0,0.7222222222222221,0.2777777777777779,0.4106024588961439,0.5893975411038561,0.8232179883748596,0.1767820116251404,0.6490629501041391,0.35093704989586094,0.7517560184094312,0.2637362637362638
70,1.0,0.611111111111111,0.38888888888888895,0.4324853926763835,0.5675146073236166,0.8576411181870238,0.14235888181297618,0.4392592836307036,0.5607407163692963,0.6210819357240701,0.18181818181818182
71,1.0,0.22222222222222218,0.7777777777777778,0.064599653199811,0.935400346800189,0.6777756092725283,0.32222439072747167,0.17429232687848953,0.8257076731215105,0.22890673822478236,0.30000000000000004
72,1.0,0.5555555555555555,0.44444444444444453,0.30886906446766127,0.6911309355323387,0.8506414288380322,0.14935857116196782,0.44578024021353047,0.5542197597864695,0.5441937612829686,0.21818181818181817
73,1.0,0.44444444444444436,0.5555555555555556,0.21222357663569805,0.787776423364302,0.7400026459550767,0.2599973540449233,0.32438289500853923,0.6756171049914608,0.4434388115863686,0.0
74,1.0,0.3888888888888888,0.6111111111111112,0.3509485586434431,0.6490514413565569,0.7988601011978314,0.20113989880216865,0.23956183228330052,0.7604381677166995,0.4608637324569162,0.0
75,1.0,0.5555555555555555,0.44444444444444453,0.5251964284106009,0.4748035715893991,0.8959875327035784,0.10401246729642155,0.46797413421055906,0.532025865789441,0.5620627682138691,0.21818181818181817
76,1.0,0.44444444444444436,0.5555555555555556,0.22125646623002118,0.7787435337699788,0.7901810248638564,0.20981897513614356,0.3273935254251449,0.6726064745748551,0.46649596373423413,0.08333333333333333
77,1.0,0.6666666666666665,0.3333333333333335,0.4936785814250891,0.506321418574911,0.8483211794710739,0.15167882052892612,0.4706389314844535,0.5293610685155465,0.7159022982714969,0.1923076923076923
78,1.0,0.27777777777777773,0.7222222222222223,0.24828661760740317,0.7517133823925968,0.5932303951225641,0.40676960487743585,0.13721915147308883,0.8627808485269112,0.3817624282304532,0.0
79,1.0,0.22222222222222218,0.7777777777777778,0.11210714763695007,0.8878928523630499,0.6703450826872986,0.32965491731270136,0.18670489387111705,0.8132951061288829,0.25174505765693195,0.6000000000000001
80,1.0,0.3333333333333333,0.6666666666666667,0.1293733907665335,0.8706266092334665,0.8120558397056092,0.18794416029439076,0.3552228512499875,0.6447771487500125,0.3193555521711104,0.14285714285714285
81,1.0,0.44444444444444436,0.5555555555555556,0.24042988870070245,0.7595701112992975,0.7626066375534416,0.2373933624465584,0.32537118117438335,0.6746288188256166,0.46596834566468337,0.16666666666666666
82,1.0,0.3888888888888888,0.6111111111111112,0.1527984808639682,0.8472015191360318,0.7688856753159251,0.2311143246840749,0.28973806695176424,0.7102619330482358,0.3892289052386635,0.0
83,1.0,0.22222222222222218,0.7777777777777778,0.054188851353333456,0.9458111486466665,0.6431262482600011,0.3568737517399989,0.17001408101219223,0.8299859189878078,0.23003534414489435,0.0
84,1.0,0.7777777777777777,0.22222222222222232,0.9592997836368302,0.04070021636316978,0.9133216913610349,0.08667830863896508,0.46042187292400405,0.539578127075996,0.8118839123454678,0.14285714285714285
85,1.0,0.5555555555555555,0.44444444444444453,0.447129223170554,0.5528707768294461,0.8838170398150236,0.11618296018497642,0.4313255342547043,0.5686744657452957,0.5749374763028231,0.10909090909090909
86,1.0,0.5555555555555555,0.44444444444444453,0.24269984658808974,0.7573001534119103,0.8277257791835955,0.17227422081640453,0.4706788551636907,0.5293211448363093,0.5498466495288465,0.10909090909090909
87,1.0,0.5555555555555555,0.44444444444444453,0.4187473327913453,0.5812526672086546,0.8483211794710739,0.15167882052892612,0.4545935847284264,0.5454064152715736,0.5665347093772259,0.10909090909090909
88,1.0,0.3888888888888888,0.6111111111111112,0.22600079233235446,0.7739992076676455,0.7102012330986985,0.28979876690130146,0.3143944422483213,0.6856055577516786,0.43351233933135247,0.21428571428571427
89,1.0,0.4999999999999999,0.5000000000000001,0.33148033816575867,0.6685196618342413,0.7945088819052263,0.20549111809477372,0.38293515001930245,0.6170648499806975,0.5175079289584306,0.2666666666666667
90,1.0,0.4999999999999999,0.5000000000000001,0.5898812599024555,0.41011874009754445,0.8345340977154101,0.1654659022845899,0.3043836282336876,0.6956163717663124,0.5831957860544135,0.0
91,1.0,0.5555555555555555,0.44444444444444453,0.3924024279753341,0.6075975720246659,0.852968150309222,0.14703184969077798,0.42126361068546214,0.5787363893145379,0.5580915680381944,0.05454545454545454
92,1.0,0.7222222222222221,0.2777777777777779,0.623889845831961,0.37611015416803895,0.8862372886141984,0.11376271138580163,0.5928487111762426,0.4071512888237574,0.7796186154287262,0.1318681318681319
93,1.0,0.1111111111111111,0.8888888888888888,0.0063893643523686055,0.9936106356476314,0.5404435554205138,0.4595564445794862,0.11145316218068711,0.8885468378193129,0.11152039291556495,0.0
94,1.0,0.3333333333333333,0.6666666666666667,0.2179719294408376,0.7820280705591625,0.7160699364243208,0.2839300635756792,0.1845814238584056,0.8154185761415944,0.3693086284659498,0.14285714285714285
95,1.0,0.3333333333333333,0.6666666666666667,0.18745963205100577,0.8125403679489942,0.7400026459550767,0.2599973540449233,0.24864832165670409,0.7513516783432959,0.3553570290754063,0.2857142857142857
96,1.0,0.44444444444444436,0.5555555555555556,0.136300272326144,0.863699727673856,0.7730994961428066,0.2269005038571934,0.35326143475158867,0.6467385652484113,0.43570666009650466,0.5
97,1.0,0.1111111111111111,0.8888888888888888,0.013911610099893957,0.986088389900106,0.5671337798878355,0.43286622011216447,0.09321076693289279,0.9067892330671072,0.11759304620739072,0.0
98,1.0,0.44444444444444436,0.5555555555555556,0.4189656752165958,0.5810343247834042,0.78802579846859,0.21197420153141,0.3018496855176563,0.6981503144823438,0.48252646022198636,0.16666666666666666
99,1.0,0.3333333333333333,0.6666666666666667,0.21263789877554756,0.7873621012244525,0.681518771914024,0.318481228085976,0.15856294272610483,0.8414370572738952,0.36417831517979266,0.14285714285714285
100,1.0,0.7777777777777777,0.22222222222222232,0.7197846886920177,0.2802153113079823,0.9284611043992214,0.07153889560077864,0.5604537862821543,0.43954621371784575,0.8218993549274098,0.17142857142857143
101,1.0,0.611111111111111,0.38888888888888895,0.3426997034091437,0.6573002965908563,0.7988601011978314,0.20113989880216865,0.3906205123132929,0.6093794876867071,0.6234967540057679,0.36363636363636365
102,1.0,0.3888888888888888,0.6111111111111112,0.16612460235820253,0.8338753976417974,0.7461029873857298,0.2538970126142702,0.2911933361590042,0.7088066638409958,0.4031809313280857,0.32142857142857145
103,1.0,0.44444444444444436,0.5555555555555556,0.2017536179921772,0.7982463820078228,0.7082549667304134,0.29174503326958656,0.2843447629189821,0.7156552370810179,0.47142085283387225,0.4166666666666667
104,1.0,0.5555555555555555,0.44444444444444453,0.22505861769535554,0.7749413823046445,0.7709897914184727,0.22901020858152732,0.33095900951165524,0.6690409904883448,0.5708890477524522,0.21818181818181817
105,1.0,0.4999999999999999,0.5000000000000001,0.21408634549691455,0.7859136545030855,0.7730994961428066,0.2269005038571934,0.36674733596863424,0.6332526640313658,0.5094022064391459,0.06666666666666668
106,1.0,0.3888888888888888,0.6111111111111112,0.12152382919786399,0.878476170802136,0.7440642379028215,0.2559357620971785,0.28482632920381457,0.7151736707961854,0.37819424767844473,0.0
107,1.0,0.611111111111111,0.38888888888888895,0.6717116840971418,0.32828831590285823,0.8054311498449971,0.19456885015500291,0.35889815006519277,0.6411018499348072,0.7165807762845021,0.27272727272727276
108,1.0,0.16666666666666663,0.8333333333333334,0.02569054997139589,0.9743094500286041,0.5965617959752857,0.4034382040247143,0.12684690869711215,0.8731530913028879,0.17192949491590365,0.0
109,1.0,0.3333333333333333,0.6666666666666667,0.1613622372618611,0.838637762738139,0.7082549667304134,0.29174503326958656,0.1965856583652628,0.8034143416347372,0.3527764515829639,0.2857142857142857
110,1.0,0.3333333333333333,0.6666666666666667,0.06423208876859962,0.9357679112314004,0.6740510925221487,0.3259489074778513,0.25111427609080444,0.7488857239091955,0.32130751645349653,0.2857142857142857
111,1.0,0.22222222222222218,0.7777777777777778,0.024767097550211243,0.9752329024497888,0.5800602830000202,0.4199397169999798,0.13238929257016843,0.8676107074298316,0.22675766737757658,0.30000000000000004
112,1.0,0.5555555555555555,0.44444444444444453,0.24687678802840823,0.7531232119715918,0.7794623655913978,0.2205376344086022,0.36296499683214734,0.6370350031678527,0.5640456450477687,0.32727272727272727
113,1.0,0.4999999999999999,0.5000000000000001,0.24505603449119095,0.754943965508809,0.8322584063053271,0.1677415936946729,0.4384447919659767,0.5615552080340234,0.4896609147769363,0.4
114,1.0,0.44444444444444436,0.5555555555555556,0.3411788572301996,0.6588211427698004,0.7400026459550767,0.2599973540449233,0.3002579087838279,0.699742091216172,0.5210990752954737,0.25
115,1.0,0.4999999999999999,0.5000000000000001,0.33987507202746053,0.6601249279725394,0.8277257791835955,0.17227422081640453,0.35972263342525634,0.6402773665747437,0.5176158841515082,0.2
116,1.0,0.22222222222222218,0.7777777777777778,0.02452976336189457,0.9754702366381054,0.6484900577371062,0.3515099422628938,0.21844024796776976,0.7815597520322303,0.21223259374986708,0.0
117,1.0,0.1111111111111111,0.8888888888888888,0.024532228135605662,0.9754677718643944,0.5132823269920044,0.4867176730079956,0.0868584896066209,0.9131415103933791,0.13036461449332823,1.0
118,1.0,0.3333333333333333,0.6666666666666667,0.08097203525222943,0.9190279647477706,0.6947687169461362,0.3052312830538638,0.2112476215776405,0.7887523784223596,0.3359363639299278,0.2857142857142857
119,1.0,0.22222222222222218,0.7777777777777778,0.0356597448259732,0.9643402551740268,0.6575178158882273,0.34248218411177267,0.17647876383019592,0.8235212361698041,0.22739837548056596,0.30000000000000004
120,1.0,0.3333333333333333,0.6666666666666667,0.0959122079121867,0.9040877920878133,0.6449098186070888,0.35509018139291115,0.14029423668267044,0.8597057633173295,0.3532294603389112,0.5714285714285714
121,1.0,0.16666666666666663,0.8333333333333334,0.18651910704572053,0.8134808929542795,0.5044684184291106,0.4955315815708894,0.055479140753097685,0.9445208592469023,0.26574523205672945,0.0
122,1.0,0.3888888888888888,0.6111111111111112,0.33024452495219825,0.6697554750478018,0.7461029873857298,0.2538970126142702,0.2180470510479111,0.7819529489520889,0.4690409184836167,0.32142857142857145
123,1.0,0.4999999999999999,0.5000000000000001,0.31425041167406087,0.6857495883259391,0.6395721263274831,0.36042787367251694,0.1495940002818564,0.8504059997181436,0.6020102074444887,0.3333333333333333
124,1.0,0.5555555555555555,0.44444444444444453,0.34235831292725166,0.6576416870727484,0.7180362028376914,0.28196379716230857,0.20185587147412296,0.798144128525877,0.6349018181127027,0.21818181818181817
125,1.0,0.3333333333333333,0.6666666666666667,0.05847898515987008,0.94152101484013,0.5687365017002112,0.43126349829978883,0.11056624912945953,0.8894337508705404,0.374019143941415,0.5714285714285714
126,1.0,0.44444444444444436,0.5555555555555556,0.6280964838509502,0.3719035161490498,0.7063136526938544,0.2936863473061456,0.12505516455266447,0.8749448354473355,0.5941296721945731,0.16666666666666666
127,1.0,0.22222222222222218,0.7777777777777778,0.018239505680019526,0.9817604943199805,0.5237149152909727,0.4762850847090273,0.08877405457573667,0.9112259454242633,0.2476677226207055,0.9
128,1.0,0.3333333333333333,0.6666666666666667,0.14325635109252283,0.8567436489074771,0.6796448511166254,0.3203551488833746,0.14827642869101934,0.8517235713089807,0.350293149079281,0.14285714285714285
129,1.0,0.3888888888888888,0.6111111111111112,0.13168472264237313,0.8683152773576268,0.6502867586240452,0.34971324137595483,0.18645519985599093,0.8135448001440091,0.42053084398704177,0.0
130,1.0,0.3888888888888888,0.6111111111111112,0.1325635589474593,0.8674364410525407,0.6100462266020341,0.3899537733979659,0.11860203795218487,0.8813979620478152,0.4305483837692875,0.32142857142857145
131,1.0,0.44444444444444436,0.5555555555555556,0.34994869066128914,0.6500513093387108,0.6703450826872986,0.32965491731270136,0.16269092970728183,0.8373090702927182,0.5453307592081366,0.3333333333333333
132,1.0,0.44444444444444436,0.5555555555555556,0.2774627334495905,0.7225372665504095,0.7901810248638564,0.20981897513614356,0.24064954408613046,0.7593504559138695,0.46695174020486013,0.3333333333333333
133,1.0,0.1111111111111111,0.8888888888888888,0.021812413491412053,0.978187586508588,0.49433194089237603,0.5056680591076239,0.06087464053202769,0.9391253594679723,0.1292029540334672,0.0
134,1.0,0.5555555555555555,0.44444444444444453,0.5129087316085348,0.4870912683914652,0.7501964974731399,0.24980350252686012,0.2478019257353748,0.7521980742646253,0.6522172437795262,0.27272727272727276
135,1.0,0.22222222222222218,0.7777777777777778,0.06415617296123048,0.9358438270387696,0.6342732536280923,0.3657267463719077,0.12525621649249077,0.8747437835075093,0.24027041515146588,0.30000000000000004
136,1.0,0.44444444444444436,0.5555555555555556,0.29631490276977546,0.7036850972302245,0.78802579846859,0.21197420153141,0.19884689600552413,0.8011531039944759,0.4770472062888319,0.25
137,1.0,0.4999999999999999,0.5000000000000001,0.3008957579399861,0.699104242060014,0.7688856753159251,0.2311143246840749,0.27253474291433494,0.727465257085665,0.5431266086455403,0.3333333333333333
138,1.0,0.3333333333333333,0.6666666666666667,0.1395063337494137,0.8604936662505863,0.6575178158882273,0.34248218411177267,0.13413823505346087,0.8658617649465391,0.36782967737975353,0.14285714285714285
139,1.0,0.27777777777777773,0.7222222222222223,0.05482605497624969,0.9451739450237503,0.5768060847485535,0.42319391525144645,0.10220933617254578,0.8977906638274542,0.3103605019785651,0.4
140,1.0,0.27777777777777773,0.7222222222222223,0.12311364157089243,0.8768863584291076,0.6947687169461362,0.3052312830538638,0.24385050121943927,0.7561494987805607,0.28748402311573107,0.2
141,1.0,0.3888888888888888,0.6111111111111112,0.24624459675664925,0.7537554032433508,0.7752148117839607,0.22478518821603932,0.22983137265572096,0.770168627344279,0.41037170982329635,0.6428571428571429
142,1.0,0.4999999999999999,0.5000000000000001,0.5097238624752694,0.49027613752473065,0.7121524707731605,0.28784752922683954,0.178224940446269,0.821775059553731,0.636260649095038,0.2
143,1.0,0.44444444444444436,0.5555555555555556,0.2205618516929847,0.7794381483070153,0.7160699364243208,0.2839300635756792,0.22209050756933238,0.7779094924306676,0.47409813710356197,0.16666666666666666
144,1.0,0.27777777777777773,0.7222222222222223,0.12472232722625709,0.8752776727737429,0.6796448511166254,0.3203551488833746,0.15634388310012964,0.8436561168998704,0.29374403572334956,0.2
145,1.0,0.22222222222222218,0.7777777777777778,0.032357607850711054,0.9676423921492889,0.5282362617447791,0.4717637382552209,0.08524090849974084,0.9147590915002591,0.2434789152787441,0.6000000000000001
146,1.0,0.44444444444444436,0.5555555555555556,0.3130987793381052,0.6869012206618947,0.78802579846859,0.21197420153141,0.28235533292540993,0.7176446670745901,0.46305090055692105,0.0
147,1.0,0.3888888888888888,0.6111111111111112,0.15505752280875715,0.8449424771912428,0.6777756092725283,0.32222439072747167,0.17877380523503172,0.8212261947649683,0.4179995731972366,0.32142857142857145
148,1.0,0.27777777777777773,0.7222222222222223,0.08051215210412162,0.9194878478958783,0.6909591789538161,0.3090408210461839,0.17845562229550704,0.821544377704493,0.2819329712803956,0.2
149,1.0,0.27777777777777773,0.7222222222222223,0.22011870484669094,0.7798812951533091,0.5735670047235744,0.42643299527642564,0.1372470266584015,0.8627529733415985,0.3654389050931763,0.4
150,1.0,0.611111111111111,0.38888888888888895,0.5097511312770447,0.49024886872295526,0.8576411181870238,0.14235888181297618,0.341834980211757,0.6581650197882429,0.6443892042077871,0.27272727272727276
151,1.0,0.4999999999999999,0.5000000000000001,0.43461556237132637,0.5653844376286736,0.8232179883748596,0.1767820116251404,0.33316707668503365,0.6668329233149664,0.5648974750210234,0.3333333333333333
152,1.0,0.4999999999999999,0.5000000000000001,0.6315640929253771,0.3684359070746229,0.7945088819052263,0.20549111809477372,0.22475887588903315,0.7752411241109669,0.6214470930557782,0.13333333333333336
153,1.0,0.3888888888888888,0.6111111111111112,0.20590307582803166,0.7940969241719683,0.681518771914024,0.318481228085976,0.1812171439526774,0.8187828560473226,0.4337945271415246,0.10714285714285714
154,1.0,0.22222222222222218,0.7777777777777778,0.04132167612131381,0.9586783238786862,0.5607597792162919,0.43924022078370806,0.10707444056651431,0.8929255594334857,0.2512140693428618,0.6000000000000001
155,1.0,0.5555555555555555,0.44444444444444453,0.32536160092837396,0.674638399071626,0.7709897914184727,0.22901020858152732,0.28887754932293264,0.7111224506770674,0.5718026287071174,0.05454545454545454
156,1.0,0.27777777777777773,0.7222222222222223,0.1931970000548109,0.8068029999451891,0.6796448511166254,0.3203551488833746,0.15299073474594263,0.8470092652540574,0.3139967217038336,0.0
157,1.0,0.44444444444444436,0.5555555555555556,0.4077531337091031,0.5922468662908968,0.7543114958024786,0.24568850419752142,0.20987985611807283,0.7901201438819272,0.48611386624363806,0.3333333333333333
158,1.0,0.16666666666666663,0.8333333333333334,0.017559457613283484,0.9824405423867165,0.5373710182679675,0.4626289817320325,0.08516401026813182,0.9148359897318682,0.18312346492643677,0.0
159,1.0,0.3333333333333333,0.6666666666666667,0.22795503371504325,0.7720449662849568,0.7063136526938544,0.2936863473061456,0.1721871345502766,0.8278128654497234,0.3733453128801744,0.0
160,1.0,0.1111111111111111,0.8888888888888888,0.08063886074520266,0.9193611392547973,0.5237149152909727,0.4762850847090273,0.07006242267710387,0.9299375773228962,0.15048458266568984,0.0
161,1.0,0.3333333333333333,0.6666666666666667,0.8107289414976453,0.1892710585023547,0.6557033808551486,0.34429661914485143,0.09392512242713906,0.906074877572861,0.5963241236799459,0.14285714285714285
162,1.0,0.22222222222222218,0.7777777777777778,0.2032276832898983,0.7967723167101017,0.4900351620488259,0.5099648379511741,0.032289703128840656,0.9677102968711594,0.3929736107680454,0.6000000000000001
163,1.0,0.3888888888888888,0.6111111111111112,0.6798005056925,0.32019949430750005,0.5312674647352067,0.4687325352647933,0.04240782556009599,0.957592174439904,0.6585858079318153,0.10714285714285714
164,1.0,0.22222222222222218,0.7777777777777778,0.12474700453655006,0.8752529954634499,0.43532164623067576,0.5646783537693243,0.025933180810889758,0.9740668191891102,0.3764469374459285,0.30000000000000004
165,1.0,0.27777777777777773,0.7222222222222223,0.448457151705631,0.551542848294369,0.6890615977651886,0.3109384022348114,0.11574329036411973,0.8842567096358802,0.36882232936015896,0.0
166,1.0,0.3333333333333333,0.6666666666666667,0.4927060561512924,0.5072939438487076,0.6740510925221487,0.3259489074778513,0.14323568077602275,0.8567643192239772,0.46767814366751187,0.2857142857142857
167,1.0,0.1111111111111111,0.8888888888888888,0.10582539213815817,0.8941746078618418,0.5655347595115158,0.43446524048848423,0.07112861955535901,0.928871380444641,0.16687056107550025,0.0
168,1.0,0.16666666666666663,0.8333333333333334,0.30049243218042865,0.6995075678195714,0.39107050301347357,0.6089294969865264,0.013037235715755323,0.9869627642842447,0.32569832850425146,0.5
169,1.0,0.3333333333333333,0.6666666666666667,0.6371105621746295,0.36288943782537053,0.6237902852552903,0.37620971474470966,0.07143889594309481,0.9285611040569052,0.5143091226215586,0.2857142857142857
170,1.0,0.22222222222222218,0.7777777777777778,0.37940976850686736,0.6205902314931326,0.3947406093971329,0.6052593906028672,0.015788540485439387,0.9842114595145606,0.5286932467081898,0.30000000000000004
171,1.0,0.1111111111111111,0.8888888888888888,0.05060746037103983,0.9493925396289602,0.38500279031759793,0.6149972096824021,0.011861697975378031,0.9881383020246219,0.202073586233829,1.0
172,1.0,0.27777777777777773,0.7222222222222223,0.29764797298041334,0.7023520270195867,0.5327881922783184,0.4672118077216816,0.050444040553233274,0.9495559594467667,0.44481326121286563,0.4
173,1.0,0.27777777777777773,0.7222222222222223,0.33464723894327264,0.6653527610567274,0.6066510682367382,0.3933489317632618,0.08274149178381007,0.9172585082161899,0.43703407644044706,0.2
174,1.0,0.1111111111111111,0.8888888888888888,0.04797462614089191,0.9520253738591081,0.35555566357120805,0.644444336428792,0.010812366525037266,0.9891876334749627,0.20522534346352975,0.0
175,1.0,0.1111111111111111,0.8888888888888888,0.04987805531917946,0.9501219446808206,0.40713691282660197,0.592863087173398,0.017960621395905495,0.9820393786040945,0.20442098914600904,0.0
176,1.0,0.22222222222222218,0.7777777777777778,0.2864996726557658,0.7135003273442342,0.41978933822775466,0.5802106617722453,0.01780848603771744,0.9821915139622825,0.44483814053776044,0.0
177,1.0,0.055555555555555546,0.9444444444444444,0.005467468544699206,0.9945325314553007,0.35785826127400727,0.6421417387259927,0.01079428239554902,0.989205717604451,0.10785340464375093,0.0
178,1.0,0.22222222222222218,0.7777777777777778,0.21837422892406877,0.7816257710759312,0.6520878685929151,0.3479121314070849,0.12576154826856695,0.874238451731433,0.2854747487103302,0.6000000000000001
179,1.0,0.27777777777777773,0.7222222222222223,0.24555603803773662,0.7544439619622634,0.5513080467919178,0.4486919532080822,0.04507513774107257,0.9549248622589275,0.40183899534727774,0.4
180,1.0,0.22222222222222218,0.7777777777777778,0.33192309219845606,0.6680769078015439,0.5882626195552138,0.41173738044478625,0.0988073664320514,0.9011926335679485,0.3699748335574369,0.30000000000000004
181,1.0,0.22222222222222218,0.7777777777777778,0.22851749320767797,0.771482506792322,0.48293606851976084,0.5170639314802392,0.03286914347286445,0.9671308565271356,0.40144086762618325,0.0
182,1.0,0.27777777777777773,0.7222222222222223,0.2816252341684236,0.7183747658315764,0.5327881922783184,0.4672118077216816,0.034461612182862325,0.9655383878171376,0.43621952523211244,0.8
183,1.0,0.1111111111111111,0.8888888888888888,0.04657634133929606,0.9534236586607039,0.525218651592874,0.47478134840712605,0.05047838912998414,0.9495216108700159,0.15135912165691928,0.0
184,1.0,0.3888888888888888,0.6111111111111112,0.6372923536624905,0.3627076463375095,0.5882626195552138,0.41173738044478625,0.04663894553186497,0.953361054468135,0.6654410263775753,0.32142857142857145
185,1.0,0.3333333333333333,0.6666666666666667,0.387522009077516,0.612477990922484,0.5849701594016771,0.41502984059832293,0.0605448655586276,0.9394551344413724,0.5170880488304084,0.2857142857142857
186,1.0,0.22222222222222218,0.7777777777777778,0.4524441261751011,0.5475558738248989,0.5435300586510263,0.4564699413489737,0.05367900162953526,0.9463209983704648,0.47036024272305155,0.0
187,1.0,0.3333333333333333,0.6666666666666667,0.5290294301119584,0.47097056988804165,0.599908966772872,0.400091033227128,0.06795698167304214,0.9320430183269579,0.5876726309208116,0.14285714285714285
188,1.0,0.16666666666666663,0.8333333333333334,0.1461613033805254,0.8538386966194746,0.5703429378157444,0.4296570621842556,0.08959472159689433,0.9104052784031057,0.25531376723458643,0.0
189,1.0,0.27777777777777773,0.7222222222222223,0.4505703453534501,0.5494296546465499,0.6966807100977812,0.3033192899022188,0.1081901435070353,0.8918098564929647,0.3836566466349937,0.2
190,1.0,0.1111111111111111,0.8888888888888888,0.2519111257260014,0.7480888742739986,0.24427058585431954,0.7557294141456805,0.004237158547628077,0.9957628414523719,0.3404444502354446,0.0
191,1.0,0.1111111111111111,0.8888888888888888,0.029262397146798534,0.9707376028532014,0.4717364652084607,0.5282635347915393,0.046850599512283105,0.9531494004877169,0.1448559330965625,0.0
192,1.0,0.1111111111111111,0.8888888888888888,0.014208844403844498,0.9857911555961555,0.5497453459782228,0.4502546540217772,0.11009886024476641,0.8899011397552336,0.12173341226066757,0.0
193,1.0,0.055555555555555546,0.9444444444444444,0.17490500866336106,0.825094991336639,0.35555566357120805,0.644444336428792,0.03549345308927261,0.9645065469107273,0.18645710311117317,0.0
194,1.0,0.1111111111111111,0.8888888888888888,0.09549635508425872,0.9045036449157413,0.4458949754478542,0.5541050245521457,0.04055191310338523,0.9594480868966148,0.19281016695651923,0.0
195,1.0,0.27777777777777773,0.7222222222222223,0.20009099156984475,0.7999090084301552,0.6666574421700935,0.3333425578299065,0.1550527730137289,0.8449472269862711,0.3282443836383451,0.2
196,1.0,0.055555555555555546,0.9444444444444444,0.014354887592452395,0.9856451124075476,0.45529411454474,0.54470588545526,0.030571153805886687,0.9694288461941133,0.08112334176743329,0.0
197,1.0,0.0,1.0,0.0,1.0,0.05288371371689074,0.9471162862831093,0.0002617438906747832,0.9997382561093252,0.08099077418236401,0.0
198,1.0,0.1111111111111111,0.8888888888888888,0.10274695221876003,0.8972530477812399,0.47451824370083046,0.5254817562991696,0.04265884502766028,0.9573411549723397,0.18647943882569976,0.0
199,1.0,0.1111111111111111,0.8888888888888888,0.18448033487886628,0.8155196651211337,0.1666139940585298,0.8333860059414702,0.001579982827007614,0.9984200171729923,0.35221396315926606,0.0
200,1.0,0.0,1.0,0.0,1.0,0.4419091305221354,0.5580908694778646,0.0582426582447941,0.9417573417552059,0.004557079772594857,0.0
201,1.0,0.0,1.0,0.0,1.0,0.36365449464323296,0.636345505356767,0.021322990496794675,0.9786770095032054,0.012644503356976589,0.0
202,1.0,0.0,1.0,0.0,1.0,0.2713004737198285,0.7286995262801714,0.009577339378583396,0.9904226606214166,0.03352476617797319,0.0
203,1.0,0.0,1.0,0.0,1.0,0.15148421627438224,0.8485157837256178,0.0013996075357509865,0.998600392464249,0.06050689641361508,0.0
204,1.0,0.0,1.0,0.0,1.0,0.16742339525923988,0.8325766047407601,0.0015985813573547126,0.9984014186426453,0.046251528364631596,0.0
205,1.0,0.0,1.0,0.0,1.0,0.2624634448131351,0.7375365551868649,0.013363820696240598,0.9866361793037594,0.01892393882579006,0.0
206,1.0,0.0,1.0,0.0,1.0,0.2713004737198285,0.7286995262801714,0.004438512709797573,0.9955614872902024,0.03351201482069767,0.0
207,1.0,0.0,1.0,0.0,1.0,0.42621409006696903,0.5737859099330309,0.0682543542817333,0.9317456457182667,0.0027845205539559796,0.0
208,1.0,0.0,1.0,0.0,1.0,0.24427058585431954,0.7557294141456805,0.005131990246594687,0.9948680097534053,0.050590285736127644,0.0
209,1.0,0.0,1.0,0.0,1.0,0.40964665622584706,0.5903533437741529,0.05866516494388786,0.9413348350561122,0.0041279994132175195,0.0
210,1.0,0.0,1.0,0.0,1.0,0.31132668978888306,0.6886733102111169,0.009096416144507246,0.9909035838554927,0.03708163000187685,0.0
211,1.0,0.0,1.0,0.0,1.0,0.39107050301347357,0.6089294969865264,0.021984135762352287,0.9780158642376477,0.013025195776105189,0.0
212,1.0,0.0,1.0,0.0,1.0,0.21142867497207365,0.7885713250279264,0.0030250470870098575,0.9969749529129901,0.03743455830379959,0.0
213,1.0,0.0,1.0,0.0,1.0,0.27827433316911815,0.7217256668308818,0.006538436202939558,0.9934615637970604,0.0360310915953877,0.0
214,1.0,0.0,1.0,0.0,1.0,0.3813913168751878,0.6186086831248122,0.0516542543181738,0.9483457456818262,0.004240673766416976,0.0
215,1.0,0.0,1.0,0.0,1.0,0.3441766768633887,0.6558233231366113,0.017400331531161183,0.9825996684688388,0.014284348039458362,0.0
216,1.0,0.0,1.0,0.0,1.0,0.4009072343991782,0.5990927656008218,0.05258747967954811,0.9474125203204519,0.005244786146836022,0.0
217,1.0,0.0,1.0,0.0,1.0,0.27827433316911815,0.7217256668308818,0.006538436202939561,0.9934615637970604,0.0360310915953877,0.0
218,1.0,0.0,1.0,0.0,1.0,0.36598902500024516,0.6340109749997549,0.02425398094910048,0.9757460190508995,0.0096529024668995,0.0
219,1.0,0.0,1.0,0.0,1.0,0.20702727830407955,0.7929727216959205,0.0030821245956148607,0.9969178754043851,0.03887399196966601,0.0
220,1.0,0.0,1.0,0.0,1.0,0.43663362477751927,0.5633663752224807,0.06035536238465526,0.9396446376153448,0.003706898967682333,0.0
221,1.0,0.0,1.0,0.0,1.0,0.5030107709269781,0.4969892290730219,0.09834891151324536,0.9016510884867547,0.0,0.0
222,1.0,0.0,1.0,0.0,1.0,0.3408058996597088,0.6591941003402912,0.012162866842356622,0.9878371331576434,0.01747297875218027,0.0
223,1.0,0.0,1.0,0.0,1.0,0.41723798316748084,0.5827620168325192,0.04727507422702772,0.9527249257729723,0.004371953437131307,0.0
224,1.0,0.0,1.0,0.0,1.0,0.40713691282660197,0.592863087173398,0.03266283647348666,0.9673371635265133,0.008218478243154168,0.0
225,1.0,0.0,1.0,0.0,1.0,0.2742783725522573,0.7257216274477427,0.013361074863738682,0.9866389251362613,0.021236437936924393,0.0
226,1.0,0.0,1.0,0.0,1.0,0.34756712786397737,0.6524328721360226,0.01972808568738751,0.9802719143126125,0.008314892301736772,0.0
227,1.0,0.0,1.0,0.0,1.0,0.4033914853684016,0.5966085146315985,0.038791582020053735,0.9612084179799463,0.007254996026647202,0.0
228,1.0,0.0,1.0,0.0,1.0,0.31990366647107754,0.6800963335289225,0.01587016084013252,0.9841298391598675,0.012864192525689976,0.0
229,1.0,0.0,1.0,0.0,1.0,0.4648341400948986,0.5351658599051015,0.05505161084281184,0.9449483891571882,0.003300872443326259,0.0
230,1.0,0.0,1.0,0.0,1.0,0.0,1.0,0.0,1.0,0.08432546951079199,0.0
231,1.0,0.0,1.0,0.0,1.0,0.393514766651529,0.6064852333484709,0.023442294276317683,0.9765577057236823,0.011775677341639312,0.0
232,1.0,0.0,1.0,0.0,1.0,0.12628298009217712,0.8737170199078229,0.003340631025582369,0.9966593689744176,0.0811538681159975,0.0
233,1.0,0.0,1.0,0.0,1.0,0.3018308944597759,0.6981691055402242,0.014580053739912797,0.9854199462600872,0.011373060499169588,0.0
234,1.0,0.0,1.0,0.0,1.0,0.41723798316748084,0.5827620168325192,0.07616790571679373,0.9238320942832062,0.001140451932869077,0.0
235,1.0,0.0,1.0,0.0,1.0,0.40713691282660197,0.592863087173398,0.0637800163856678,0.9362199836143322,0.0028654220964222737,0.0
236,1.0,0.0,1.0,0.0,1.0,0.41596624696853923,0.5840337530314608,0.04538326207753194,0.954616737922468,0.006993486201830518,0.0
237,1.0,0.0,1.0,0.0,1.0,0.33412268562702807,0.6658773143729719,0.03398719304451919,0.9660128069554808,0.009867653025869831,0.0
238,1.0,0.0,1.0,0.0,1.0,0.3601699154082826,0.6398300845917174,0.02942113379703737,0.9705788662029626,0.010575644600585063,0.0
239,1.0,0.0,1.0,0.0,1.0,0.42621409006696903,0.5737859099330309,0.0487182721616697,0.9512817278383303,0.005408704705146147,0.0
240,1.0,0.0,1.0,0.0,1.0,0.24427058585431954,0.7557294141456805,0.0051319902465946894,0.9948680097534053,0.050590285736127644,0.0
241,1.0,0.0,1.0,0.0,1.0,0.422351257905255,0.5776487420947449,0.07432187555268271,0.9256781244473173,0.0016405929919627842,0.0
242,1.0,0.0,1.0,0.0,1.0,0.4210689733924214,0.5789310266075787,0.04620443925656389,0.9537955607434361,0.004604992767175154,0.0
243,1.0,0.0,1.0,0.0,1.0,0.3671597538736431,0.6328402461263569,0.04166439697663881,0.9583356030233612,0.006936428995165304,0.0
244,1.0,0.0,1.0,0.0,1.0,0.39719975437766436,0.6028002456223356,0.035197464200774735,0.9648025357992253,0.00922218925204451,0.0
245,1.0,0.0,1.0,0.0,1.0,0.41343061672604486,0.5865693832739551,0.02982753592251922,0.9701724640774808,0.009773834681015505,0.0
246,1.0,0.0,1.0,0.0,1.0,0.3430509069575087,0.6569490930424913,0.030813646622191024,0.969186353377809,0.00886959182203593,0.0
247,1.0,0.0,1.0,0.0,1.0,0.32970988657862954,0.6702901134213705,0.03991454618588235,0.9600854538141177,0.007808026879660786,0.0
248,1.0,0.0,1.0,0.0,1.0,0.22034588936528898,0.779654110634711,0.005309312135508801,0.9946906878644912,0.03231333208869215,0.0
249,1.0,0.0,1.0,0.0,1.0,0.15148421627438224,0.8485157837256178,0.001399607535750989,0.998600392464249,0.06050689641361508,0.0
